8.908326366,12.30508321,7.404719742,11.03722514,9.759737559,8.426264521,9.486353703999999,7.453465897999999,10.49023016,12.79716678,10.48220637,8.178911071,8.868311103,6.967075372999999,10.12617579,7.706903072,7.07148558,7.549628086,11.5482365,9.08183266,8.874944785,9.126860068,10.11269423,7.423931919,8.061440967000001,10.3326878,8.627913452,8.59808863,9.954417591,10.8856976,11.37892834,8.6003845,9.589509035,6.558873038,10.27526633,12.04059538,8.95489041,7.759836554,12.06983933,8.698172196,10.81165921,9.042315298,8.083963661,8.653421924,10.47656446,9.128330057000001,9.484514206,8.191116187999999,7.669205145,7.936939397000001,10.31497165,7.730569582999999,6.997750803,9.184554287000001,7.28730247,7.8216165779999995,8.261318886,11.14875186,12.36600378,9.199101688999999,11.34864581,9.939561933,8.633448827999999,8.649357937000001,7.879013836,9.491710657,11.15319422,7.219886578,8.393420367000001,9.160085104,8.271730312,9.049041928,8.568828259,7.561562554,11.2496996,8.926123452999999,8.583911072000001,9.896626832,10.2851005,7.708950425,7.632212562,7.963235786,9.634563802999999,8.005088387,7.652139591,7.369917724,7.359946057,9.535994928,8.130221149,10.09152987,9.729885859,8.928216791,8.689461419,9.246551954,9.088839418,8.500995341,8.741743636,7.742408135,10.43574303,7.460758483999999
6.968375205,11.18509764,6.760143246,12.32655748,7.220331192000001,9.654227037,9.044978588,6.925577922,8.872938214,12.67987449,9.135185944,10.65199833,9.898863032000001,6.935650982,12.37056712,8.708456761,7.01558365,8.486965536,8.262666374,9.573242452,11.67049547,10.18764381,9.500775236,7.383202077000001,7.26633308,10.20413977,9.074056886000001,9.371377747999999,11.62820626,10.79420119,11.01307672,10.15313468,9.07702733,6.525302571,8.694080119,9.025939575,9.054957859,6.6009238439999995,9.266484457999999,8.509224988,10.92670841,9.907193705,8.527541842,7.349226766,9.140230962,11.51776836,9.662708685,9.67728167,8.936295171,7.578850209,11.44332235,8.718391768,7.715187069,9.001721874,7.422048301,9.885747268,9.869665486,9.682857245,11.5460758,8.553390019,13.15015465,12.40858656,6.849509799,8.961029652999999,8.033227631,9.897826334,11.08532442,7.5416048920000005,11.33974987,10.8448058,11.02495756,8.920501641,10.014185000000001,8.054359736,13.32647376,10.36050403,9.270563326,9.603775192999999,10.940544000000001,8.266614785,7.805984773,8.940176915,8.960668077000001,8.550407475,8.409850891,9.414628401,8.537449199,10.76187867,7.564533916,9.818224914,10.89170525,11.61094028,9.907755178,9.490364345,8.480675028,9.473716545,8.12446118,7.828936297,10.48063214,7.908408532999999
11.37892834,11.96739508,7.2441288,11.74634808,7.757811812000001,9.170791223,9.541560276,10.57631528,8.883210895,11.99883138,9.763109472,10.85195005,8.979442322,6.765820797999999,12.65292908,9.859735297,8.338462007,9.812931107999999,7.9764275520000005,9.595729066,11.18823454,10.27599105,10.33749166,8.346093672,8.816306662999999,9.667446157999999,9.67728167,10.25032453,12.16501667,11.38569868,10.50363638,11.50559146,10.67315823,6.617591634,9.921640381,10.65104386,9.900053795,6.875007247999999,8.958841889,8.097628742000001,11.63647474,9.938954131000001,9.016895527,8.714868526,8.035686571,11.38229878,10.54552078,9.610545411,8.68680284,7.508978342000001,12.00793409,9.104224448,8.410101398,9.10613247,8.745648405,9.853416503,9.823747422,10.76390257,11.21123828,9.07148945,13.16611815,11.87216574,8.299120272,9.929938493,7.833823928999999,9.447025669,11.33813131,7.959410524,10.64502453,12.26070214,10.17995136,9.970960129,7.32203265,8.999493444,13.04548117,10.90035196,9.991557119,9.706088223,10.76501398,8.114031358,8.874944785,9.756487993,8.569461866000001,8.988378061,10.02489901,9.085870081,8.282591376000001,11.59799703,7.132671301,9.918619806,11.18981311,11.15611703,9.020477364,8.795571537,7.609942017000001,10.45103519,7.099158452,7.064979898,11.94380113,6.745962145
9.895470102,11.17417686,7.0348328570000005,11.73166775,7.20142748,9.562100167,10.508954,8.054079595,11.71450288,12.15450558,7.620672115,7.323175153999999,10.04984963,7.7857084610000005,11.101011999999999,7.4714050489999995,7.499397632999999,8.600672641000001,9.830294084,10.22298348,9.324095131,10.15382734,10.18764381,8.483056158,8.34118285,12.09074346,10.03185955,9.795762991,10.93186396,11.03722514,11.37892834,12.00494429,10.84599305,12.66926955,10.30174731,8.136783663,7.794597179,10.2851005,9.941385874,10.483972900000001,11.67527815,10.47483904,7.887118817999999,7.630841605,11.57295112,9.947990127999999,9.842145013,8.383457086,7.2521108729999995,9.28714654,10.48755898,7.56864406,7.872125489,9.89140927,7.614292744,7.905362665,9.663743788,10.32079175,10.55762504,8.268142876,11.45845877,10.57938766,9.730848141000001,8.888511322000001,8.247070755,9.658588263,11.48454263,7.43458786,10.19792834,10.91408286,9.611583973,9.657506069,8.307407084,7.939106635,11.663431800000001,10.04668573,9.550356138,8.991215271,10.57837307,7.852167225,7.485555549,8.711697543,9.347635795,9.148264597999999,7.917174271,8.626085105,7.18094917,10.27748576,8.527821742999999,9.017945669,10.20916635,10.27082827,9.745428815,9.866246919,8.702233977,8.191375727999999,8.253374512999999,7.275816186,9.695279962999999,7.150768145
11.86657525,11.83555137,6.948910839,11.80429036,10.54836467,9.485424381,9.24175738,8.266890632,11.475149499999999,12.49405224,10.56418265,8.566468355,9.687974856,6.725681055,9.46202723,10.19723723,8.495563057,8.376532393,9.546554492,9.029672224,11.36842334,8.526459476,9.570033117000001,8.703711378,9.392050044,12.07313677,10.13118677,9.054585236,11.33471131,10.97535045,10.39292243,11.25131812,10.79519788,6.907202777,8.721180683,8.596507292,10.11269423,6.720657264,9.571494793,7.566914032000001,10.18561218,11.77625536,8.920501641,9.468419524,10.40339982,10.85195005,10.37001,8.499536891,8.947661871000001,8.09439295,12.54009283,8.389239562,9.621083622999999,10.34531281,8.816306662999999,9.262080532,10.63594444,10.21512906,10.80614763,7.819829072,12.98464237,11.58940708,7.993592496000001,9.20883614,8.793518918,8.787031747,11.6236284,8.456605292,10.58227507,10.15671666,10.96297008,8.756676217,9.881810032999999,8.959574874,12.72041255,9.932332005,9.394588444,8.952192743,11.171434300000001,8.241162207,8.886710147999999,9.655658063999999,8.874262979,9.423131199,8.48753331,9.687974856,8.351403558,12.00793409,8.9833516,8.720571487,10.53464596,11.6236284,9.2917633,10.39845187,8.105536093,9.894303657,8.003374232,6.993273609,10.45520537,7.020395461000001
10.63083868,12.59845037,7.498712095,13.33675624,10.26410412,8.540927711,11.23585669,8.905991471,9.041225153,12.79716678,9.437650382000001,11.3023629,10.26184248,7.220074677,11.3949986,8.184363628,7.897498681,10.32947295,9.998543096,9.618036939,11.60018194,8.815969828,9.693666858,9.443418645,7.6407011670000005,10.49387446,8.722396891,11.46929759,12.09074346,11.43212874,12.38503373,9.914966769,8.908326366,6.69730025,9.548512435,9.730848141000001,9.547524827,9.198743095,8.390369911,8.534550838,11.497869699999999,9.357279593,8.592384728999999,8.659915031,8.749364717999999,11.51393704,10.47822528,7.939781225,8.98411028,7.814208807999999,12.09369499,8.372599443,7.96578295,9.062006276,7.754339194,9.961913092,9.397206691000001,9.276852593,10.33749166,9.324976483,13.31660607,12.13979876,7.95041808,9.473238947,6.983706497000001,10.17494311,10.40594607,9.235214871,11.65674706,11.68414848,10.95154492,10.27599105,8.632242853,7.95041808,13.15849488,10.56597713,11.36308206,9.830294084,12.86353696,8.400304986,7.930155452999999,9.285075744,8.344433334,8.003374232,9.678796746,8.602168714,8.631457954,10.64409779,10.45698441,9.081463504,11.22988916,11.02753106,10.40900742,9.940822679,7.997114445,9.8387053,6.793335822,7.139008254,11.21892736,8.007320233
12.40858656,10.10227531,12.24007164,9.973400671,7.8988363779999995,11.66816945,7.39156768,7.21645557,10.91551331,10.98847623,7.631576332000001,7.103591594,7.51993648,7.177326647999999,7.693183182,10.67022911,9.040838589,9.363231879,8.589736262999999,9.187763873,10.52030955,9.819325987000001,9.064238375,10.59372616,8.595872102000001,11.69145154,11.70071846,11.71944873,12.18008645,10.14399754,10.24676981,10.99241032,10.82201926,9.382676382,9.669962882,8.298858414,10.14470547,6.898793225,9.46202723,7.165163422000001,8.779777784,9.675147224,10.1345429,9.938954131000001,9.948597601,9.862692656,9.979485495,8.347695636000001,9.083689733,9.281396609,12.98464237,9.911852882,8.082932711,9.525514587,9.749639489,8.090907435,11.08943916,10.85545768,10.25687958,7.4301850929999995,11.35573354,11.39319003,7.724466856,9.080356457999999,9.857478448,8.665721386,10.61294845,9.16086096,11.30067814,13.17550221,11.71450288,8.662682074,7.333205274,9.067477935,12.31829127,12.11831258,9.192824885,8.322323057,11.97060974,8.127913199,9.513751859,9.479959461,9.003121274,9.701958771000001,10.93689068,8.891108099999999,9.173721276,12.26070214,10.44507139,9.337932933,10.55301737,12.30508321,8.373520852999999,9.167500554,8.94631063,10.47976018,7.581618767999999,7.254034325,11.27082209,7.500727373999999
10.81404159,10.85670217,11.63843697,11.38229878,11.32454723,10.580361400000001,7.357517661,7.266618697,10.32561663,12.35699773,8.526717255,8.976179193,9.270563326,6.943199598,11.10398359,7.511636338,8.072605602000001,12.47416214,9.960002141,10.35797038,11.61094028,8.336285354,9.738069761,9.021921591,9.845500864,10.86735711,9.744420663,9.6798414,11.57091975,12.15450558,10.97659441,11.07803772,10.38367271,7.508498395,8.737859667999999,7.772916703,8.282281804,6.65593302,8.241412333,8.192423616000001,10.79420119,10.45861521,7.506580041,7.615318241000001,9.810125017999999,11.34690996,10.71032648,7.853031142000001,7.556881314,8.758557818,12.88291183,7.481033758,9.176930112,10.01066069,8.345772868,9.359840044,9.219851012000001,9.048664968999999,10.87086348,8.212703596,12.63100527,12.18360134,7.268040876000001,10.08541845,8.457460878,8.574122268,10.4965575,7.989437178999999,11.398512599999998,11.02099156,10.85310883,9.151440837,7.953449163999999,8.649091604,12.90390181,10.37315972,9.916781785,9.96804841,10.70822817,7.188034086,8.658622506,8.986317748,8.86223849,8.663269769,8.380713196,9.58311009,7.280512635,11.02881304,8.655886856,9.386497745,10.5142362,11.56062141,10.91408286,9.715974877,8.61404647,8.49834674,7.0509181089999995,6.907827348,12.08721136,8.517964227
11.61297784,7.281679404,6.689873142000001,9.206477704,9.435919882,11.47704234,6.863721046,9.175729398,7.419480673,10.09412132,10.35478609,9.947368978,9.483588759,6.696721215,11.30714913,10.70300717,9.47145893,10.07801704,6.8303959370000005,7.120293892,8.683361166000001,8.125212128,7.622427726000001,10.64814298,7.772511685,8.457742588,8.352799706,8.774555073,9.806288239,9.630037705,10.1848411,11.26590475,12.10083263,8.859499223,8.057990582999999,7.446473897000001,8.057990582999999,10.7661406,8.341456263,10.68352579,10.64709865,8.32062817,7.766269231,10.97535045,7.871444761,9.132922054,9.699373697,8.568573123,7.465803308,9.816096311,11.33296211,7.834747966,8.843780947,9.078156757,7.852364647999999,8.628218737000001,8.380979579,8.644199216,10.34375775,10.08338301,12.27657453,11.09804972,9.025610215,8.725596249,6.708586604,8.951839616,10.56961789,9.410279243,9.453533832,12.04713107,9.342980266,9.377486519,6.842024737999999,8.387030977,11.63843697,10.77045493,8.363885106,9.921640381,10.98592826,10.07536226,8.203858059,9.806829296,7.236145437999999,8.949463137999999,9.294642527,7.532266906,7.059449074,10.92048518,7.121577781,9.492173322000001,11.02495756,10.0867478,7.744635241,8.12742092,7.928009734,9.961267658999999,7.429757799,8.526459476,10.5889453,9.630510517000001
11.17871411,11.90046135,7.455970907999999,11.07962712,7.714356997,8.84907547,9.963147402,7.134246342999999,9.881272806,12.19791318,11.45845877,8.890806667,11.50763007,6.960688227,10.20916635,8.142507052000001,7.520335921,8.672332932,10.33025811,10.78603417,11.20815424,11.94982824,10.68675624,8.113488964,9.752864535,11.15458354,9.539661391000001,10.733172300000001,11.88932827,11.60877493,12.03725283,11.01307672,10.31244297,8.039084139,8.874262979,8.043946607999999,9.795762991,6.941496934,8.220263816000001,7.524374971,9.878898619,10.26791544,7.508636141,7.967416536,9.297505174,10.87721866,10.87208678,8.173867392,8.802379424,8.518601807000001,12.17664446,7.367589222,7.750955789,8.707818671,9.114556438,9.173340972,9.598521937000001,9.862122663,10.95892244,8.295899516,12.22078704,11.73402616,9.367888073,10.53827881,8.98160553,9.579151459,11.48639,8.117352045,10.81165921,11.24517019,10.47656446,8.764676298,7.247422017000001,9.304584647,12.48369503,10.65819061,9.905957504,8.672920145,10.73532527,7.3297146479999995,9.316559023,9.595729066,8.590309077999999,8.082467499,8.396180742,9.197182308,8.408097487000001,11.32630273,8.489491122999999,9.732405195,10.33181152,10.77928222,9.886868011,9.401906672,8.214273895,9.812931107999999,7.314679817999999,6.9470920739999995,10.12985387,6.7254624110000005
7.164056631,8.083182575,6.959460425,8.115869898,7.686486666,9.585434585,7.6491283789999995,9.643363835,7.910065400000001,10.02756933,6.477005472,8.233050318,8.299330441,6.904110381000001,8.891835022999999,7.085970207999999,7.507419582000001,10.86856385,10.12695785,7.0554339829999995,7.775276344,8.780747059,7.662796103,10.09693129,8.772912185,8.349045415,7.910748154,9.647298477,9.205651937999999,7.950676808,10.24959732,10.20486343,11.5482365,6.624502883,7.697593477000001,8.782634665,8.11016658,6.845882657000001,8.833946307,7.485555549,9.445653664,7.636966659,7.397320727,9.105769562,9.441637547000001,9.541560276,12.68536163,7.431884545,8.061208377,9.07148945,13.56400931,7.4267690989999995,9.172890691000001,7.953449163999999,9.298329602999999,7.654888484,7.045800646,9.96916337,8.549551395,10.51699829,12.39436997,10.49111762,6.831095669,6.998466495,9.02302552,7.3806867689999995,10.48575232,8.548654767,10.95035831,11.9866367,8.328048424,8.362249596,7.0841619520000005,10.25897874,11.73166775,11.73669764,8.51210809,7.541039204,14.04336816,7.390560625,9.963147402,10.48755898,7.659182067000001,8.965380199,9.459758045,8.288676427999999,7.470026399,11.64995174,9.145946426,9.809044505,10.80161714,9.916781785,7.997811417,8.714868526,9.109173797999999,10.68234709,6.805676036,6.90519232,11.32816756,7.622816800000001
10.09475733,12.70833708,10.618917,12.2971536,7.818294217,7.516395072999999,11.16668479,11.79651465,8.064611429,12.33960384,10.32478819,11.15611703,9.729361256,9.500295372,11.65218109,7.222795467,6.90599778,10.15313468,9.494038677,7.65234707,10.897967300000001,9.025610215,8.527236862999999,7.367736322000001,8.541844692,8.899262332000001,9.461566357,9.008193982,10.57837307,11.37892834,10.70510952,11.475149499999999,9.631062709,6.697659734,8.911074808,10.71032648,8.792541706,6.821190757999999,8.6705473,8.080469087,12.31829127,7.429444507,7.654507832,8.025420007000001,8.38679516,10.94913979,9.669435518,7.66220423,7.980008682,7.752403694,10.63914323,7.406186057,7.038545756,8.236977632,7.445093721,9.536442327,8.945609804,10.23733936,10.65819061,10.717516499999999,13.26687006,11.73166775,7.317713338,9.758048715,6.762316317000001,9.370945098,11.3771776,7.44118534,9.951840154,10.29788647,9.489059798,10.52300116,7.15773739,7.596965097000001,12.82998084,9.554531907000001,10.30256776,9.541560276,10.70209104,7.903721394,7.653531591,8.712631105,8.602168714,7.826271393,8.822475549,9.014024961,7.470836404,10.46210014,7.337588741,9.142064416,11.92890918,10.65504604,9.460664366,8.935933619,7.11640566,9.773267767,7.354180072999999,6.971181758999999,10.73950086,7.018402987000001
12.49405224,11.69616408,8.496930932,11.49389466,9.791337802000001,8.179915285,10.59752013,8.788333492000001,8.858458376,12.52384585,9.983746477999999,10.680262800000001,10.78964653,7.0871191289999995,11.64750647,8.725596249,7.647682981,9.140230962,10.29858284,9.944890699999998,12.19084184,12.81058549,10.16174908,8.510709455,8.580070847,10.06571153,9.976426446,11.57295112,11.01831698,11.12731627,11.79651465,11.59371473,10.19026029,7.489352857,9.414628401,8.72908732,11.63014786,7.289351739,8.903506072,7.355413989,11.51586466,9.590441867000001,8.341456263,8.178419725,9.992822709,11.24377381,10.50633736,9.183020603,10.57452519,8.274888486,12.24871622,8.578465914,8.583911072000001,8.59358355,9.217110186000001,10.57168196,9.793622947000001,9.832531812000001,11.042936099999999,8.784645552999999,13.34714206,12.33103036,7.393916404,9.757020558999999,7.729114439,10.43650306,10.22868611,8.572673609,11.66816945,12.13282353,10.97416663,11.2496996,7.40184367,8.724668014,13.06154429,11.24076564,10.69501215,9.017945669,11.00656609,8.732201446,9.134829364,8.898559889,9.64577041,7.911720432999999,9.080722248999999,9.695831886,10.63179151,11.70289315,8.408951967,9.807385502,11.62820626,11.64051348,9.193978711,9.943200803,7.724695105,10.80387071,6.928824306,7.52244448,9.437650382000001,7.776137209
10.36837496,12.99894831,10.09009878,12.44199075,7.1114494729999995,8.547446111000001,7.454332362000001,7.499211834,8.560323163,12.2053889,7.2318548,7.914448266,9.775419143999999,6.79443612,11.61094028,9.4407216,7.045572404,7.3069420439999995,10.03789695,8.375989692000001,10.34857916,7.272114167000001,8.461619732,7.3812668089999995,9.983102184,10.34056247,8.967617765,10.61702585,10.14399754,11.13435773,11.285671800000001,8.907006593,10.39695584,13.1937799,8.539226756,7.295332137999999,9.492173322000001,6.7852367529999995,9.077435852999999,7.401376543,10.03608649,9.687974856,9.151031559,8.42511846,8.078692254,9.951840154,9.053845342999999,10.082040600000001,8.434904661000001,7.164196786000001,10.26643615,9.02122885,10.16174908,7.15321888,7.048162871000001,8.157065357,9.14792176,9.66634723,10.12217274,8.679686854,11.604357499999999,10.94198062,8.163071449,9.57664585,9.24900904,10.26566659,11.09231096,7.18768354,10.165185000000001,10.62770717,9.336240427,9.345904628,8.481917382999999,7.350463713,12.05716816,9.719034492999999,9.995406809,9.827201011,9.722638947,7.303931147999999,7.2899352760000005,8.015815489,8.27774102,8.396180742,8.043946607999999,7.886880527000001,7.622622757,9.798339608,7.46060379,10.000292,9.635032126,9.700910746,10.045334800000001,9.08549415,7.242973425,8.502218044,9.520962784,6.937627199,9.695831886,6.6214648810000005
7.370486335,12.98464237,6.754008014,12.73944103,10.56505805,7.364901852000001,10.57452519,7.750531597999999,7.750531597999999,12.65788011,6.85539169,9.683938072,11.55831726,6.962137125,11.41315588,9.739639939,10.21077651,9.139438483,9.697872958,9.983102184,9.425735153,12.01720741,10.55015474,7.206599409,8.865967865,9.461566357,7.84925616,10.1414306,9.272734494,11.42662149,12.05378871,8.232327607,10.28429669,6.93415877,10.84152919,11.02881304,9.024456719,7.346118177,9.652634171,7.9555375370000005,10.72076929,10.06571153,7.657743065,7.850124181,8.129176746,9.986286851000001,11.27889886,7.626056742,7.9745337329999995,7.011036862999999,12.91811699,7.573713718,7.205238285,7.588083245,7.376417036,9.357279593,8.354501081,10.34606141,12.19791318,8.257053589,12.58173611,11.19575503,10.60039769,9.689492514,6.9711077260000005,9.894303657,11.20039764,7.790628141,9.230007009,10.42906405,8.528447681,9.16634047,8.726574405,8.065552817,12.06983933,9.841601708999999,9.261270432,11.2675444,10.3845147,7.62512377,8.072029497,8.645645081,10.17713551,7.721456819,9.680864396,8.446768352000001,7.801191952000001,10.17086879,7.089631837000001,9.710656887,10.292746000000001,9.606511885,8.775805714,8.636217783,7.352659189,9.96490782,10.46647232,6.66520689,11.05509405,7.749661946
7.37586852,11.00015902,6.693457008999999,11.86938041,11.35037566,9.949280182,7.8324788860000005,8.206947783,9.499863889,12.16128267,8.485042949,9.691059997,8.125212128,6.86474027,11.93191137,7.224603725,9.116047112,8.633183021,9.576168102,10.70625365,12.24871622,10.29939277,11.19575503,8.44047968,9.25707201,10.44763545,8.733141725,11.28398994,11.34150924,11.860722099999998,11.604357499999999,8.528733136,11.13845139,7.006082814,9.479959461,9.27848956,7.763722894,7.79659202,8.467166005,8.260508239,9.648818122,11.82231691,7.420563141000001,8.142507052000001,9.894303657,11.69616408,11.63843697,7.475917457,7.288255338,8.131243492000001,12.72605002,7.471711481,7.892424787,10.74157508,9.31157928,10.49199757,10.21297152,10.61492844,10.72076929,9.43945221,13.02195037,12.29316358,7.011533677999999,8.806102001000001,7.60093266,8.755709469,10.57071929,8.676306237,10.566934,11.64995174,10.8128039,9.392482082,8.493240013,9.234040369,13.420225699999998,10.02819272,11.20194186,9.307813266,10.9678422,8.330773892,8.979442322,9.712769492,8.683985609,8.788939668,9.596698001,9.476478582999999,7.0540912979999995,12.04713107,7.816732324,11.34520205,11.30067814,11.36308206,9.490364345,10.5889453,9.005252936,9.529358637,8.468326824,7.18339039,10.64814298,8.087420076
7.611756431,8.690370494,6.922776713999999,9.220661227999999,10.77359661,9.606511885,7.131718757000001,8.836016136,8.284184294,11.14418392,7.1730985579999995,9.707581955,7.68207483,6.9772321239999995,10.21933381,7.151019612000001,10.23733936,9.951228667999999,8.165586546,8.899971669,8.976919759,8.882526887000001,9.233254335,7.161178347000001,8.115340369,8.189592441,7.154463239,9.01832456,10.75327542,9.959404016,10.77928222,13.04548117,10.33025811,7.533529242999999,7.638906259,7.80745675,7.6648265460000005,6.844158028,8.508627723,10.21145649,12.66926955,10.22298348,7.985538481,9.881272806,8.08120123,9.154166727,11.98327581,7.665979248999999,6.9125598429999995,8.400304986,13.62537997,7.26062023,10.75870002,8.584794597,9.16634047,8.762040234,8.389784494,9.746498908,11.15611703,9.020154335,11.96739508,11.130219300000002,7.869444333,9.461566357,6.491500176000001,7.838733963999999,11.97060974,8.433851898,8.951839616,11.83831431,9.173340972,9.958127903,7.4437745379999996,9.174129209,12.0268506,10.55663674,8.483326352,9.184979343,11.18981311,6.8706998829999995,9.374842882000001,9.387382964,8.321469867000001,8.02880788,8.869738924,8.207190224,6.945491627999999,12.01720741,7.23686356,9.857478448,10.618917,10.11688107,8.333142433999999,8.026887875,8.611945247000001,10.928079400000001,7.092154425,8.442485053,10.85075975,6.637353621
12.06022733,13.06961611,6.8561858760000005,10.94437965,8.392285576,7.043196518999999,7.2664667210000005,7.190482783999999,7.330347998,12.41283551,9.895470102,8.463933164,9.502641783,6.793818808999999,8.844463064,7.424113246,6.859265799999999,10.46296119,9.301632267999999,8.645057754,8.618256601,8.613444157,9.159332886,7.474066669,12.61459353,8.047765645,7.124862616000001,10.60135185,11.04833045,9.318216546,8.620621519,11.93767054,9.791931273,6.750026976,7.464955309,8.585089189,9.056108446,6.743985335,8.880791989,7.28263507,10.40826205,8.899971669,8.104513131000001,8.825859449,7.994376096,8.970728098,12.40415068,7.58540188,7.994376096,7.792568686,13.44100633,7.500217297000001,7.137360504,8.204673774,10.79300306,7.938114565,8.483326352,10.37240144,11.34150924,9.289635346,11.70533801,10.56229378,7.971725074,9.317782261,6.892981346,8.086678806,10.6813026,8.309930152,9.269685886,11.76623653,8.813650294,8.841334315,6.796420213999999,10.52846139,11.95554123,11.76866231,9.198743095,9.267705077999999,10.44328638,6.57708598,10.57452519,9.710656887,10.03185955,7.826271393,8.901695716,7.601706401,8.042545452,12.57069314,7.51020913,9.253390089,10.25318684,9.829775032,9.004205558999999,9.350622247999999,9.212442398,10.59649479,7.726402199,6.60713913,11.101011999999999,6.81145145
9.758048715,13.02195037,6.677113827,11.94982824,8.920501641,9.767810053,9.686017456,8.998002235,10.79636548,11.860722099999998,7.609727753,9.851242121,9.859197163,7.1198015670000006,11.68645999,8.274888486,8.758258435,9.489522848,11.24076564,10.27082827,11.12287688,8.178419725,10.06850947,7.182002678,9.936608936,11.06621629,8.590903955,10.31569131,10.84152919,11.87491771,11.07141263,12.38503373,10.60039769,7.413504141000001,10.59178077,8.687462038,7.816965682,6.5965110739999995,10.14399754,8.206396724,11.73903869,10.92553097,8.464245542999999,7.8587692360000005,9.280204112,12.10083263,9.293863188,8.857164809,7.220962591,8.305485517000001,11.98965718,7.986797042999999,7.159058981,9.501206257,7.857778187999999,10.44420062,9.622094277,8.658005367000001,11.171434300000001,9.34717028,13.49574623,11.232878999999999,8.22799584,9.894303657,7.4558233860000005,8.971364545,12.23611709,7.923854936000001,9.886868011,10.31858345,9.87374819,9.519729326,8.896240281,7.969104488999999,12.93204053,9.172517073,10.32237046,10.26258346,10.58227507,7.69053119,7.636755692,9.049041928,9.118381759,8.495563057,8.058991353,8.642115934,7.220962591,11.02881304,7.3069420439999995,9.074383073,10.8881135,10.86612373,8.866991714,10.46467226,7.9804658029999995,8.576458597,8.359465235,6.871215245,9.960613211,7.0566066439999995
9.309488905,12.57598457,9.798890705,11.85467015,7.5491076139999995,7.099781675,7.337966614,10.95769276,7.852586499,11.71944873,9.978884828,9.890245548,7.749661946,6.991303843,11.34864581,6.891032011,7.013961407999999,11.05509405,11.97969001,8.222196785,10.09475733,11.04007562,8.325033392,7.129642327000001,8.981254486000001,8.060471825,8.631704658,8.11564106,11.34150924,10.79843917,11.27889886,11.52570137,11.74634808,8.129176746,7.999995996,7.440524000000001,7.3212561979999995,6.546218359,8.34118285,7.942319722000001,11.29894968,9.842662948,7.1822317060000005,7.799446704,9.193594161,10.09152987,10.92553097,7.993592496000001,7.113911343,7.355413989,12.38503373,6.79569679,7.152318319,8.027573055,8.102748064,8.614645422,7.605902687,8.45688235,9.642336689,9.975771688,12.04059538,10.98592826,9.426220977,10.10450072,10.48149277,10.19301489,10.59178077,7.452967348,10.06850947,10.60221681,9.087362663,8.733141725,8.525625581,8.111666964,11.58940708,9.986286851000001,11.212753300000001,9.491252747,9.526953385,6.469167572999999,8.095903336000001,8.123409298,8.11982461,7.615318241000001,8.115062438999999,8.36796988,7.189446318,9.686992116,6.927375245,10.1503362,10.44080515,9.772228214,9.797836894,9.695831886,7.312028665,8.478913289,7.4357576839999995,9.255508363999999,10.71130694,8.064826271
10.71971654,13.29693169,7.9366984920000005,12.13979876,10.78603417,8.086941767999999,9.579151459,7.481758677,7.956732207999999,13.26687006,6.885747706,10.91551331,9.978884828,6.775980915,11.49008572,7.372035296,7.103256162,8.423157969,9.006032494,10.21933381,11.20194186,9.303387668,10.72364205,7.309462109,8.617692721000001,9.492613442,8.19787603,9.928805759,11.67309604,11.15319422,10.75870002,11.85776682,9.280563919,6.981327229,8.561174519,12.54009283,7.7777028260000005,6.92512051,8.033962772,7.865126178,11.32272039,11.44714564,7.8931405670000006,7.6616078089999995,8.095136695,10.47483904,9.769997863,7.532992745,7.070350237,7.476803042999999,11.69845749,8.127666404,7.071417276,8.494696097,7.712084454,10.73532527,9.524137926,10.35637829,11.90046135,8.907006593,13.46286697,11.96739508,9.217486214,10.79636548,7.103256162,9.484514206,10.44677663,7.353809945,11.26590475,11.16207683,10.34056247,9.919177154,8.482229627999999,7.237584,13.41061325,9.885747268,10.85774411,9.671948265,10.23733936,8.409539525,7.641859726,8.244735062,10.84962286,8.04152955,8.160812479,8.928541839,7.302149755,11.14577966,8.01246165,9.113019235,10.46889932,11.02250078,9.563994596,8.188560608,7.572394119,10.15382734,8.71398313,7.1153094789999995,10.59089016,6.95027882
7.165449239,7.632408497,6.71990849,7.232171134,10.51860459,11.31956007,7.766076279,11.36480729,9.524137926,9.775419143999999,7.591483424,9.642860491,9.47105946,7.370046701000001,10.95035831,8.067362931,6.930775333,9.926897614,9.985002612999999,6.5586392270000005,10.21580877,8.0346956,6.995207985,7.730784155,7.8242310370000006,8.304961249,9.318689867,8.37959401,9.10108348,8.556850089,8.919825864,11.03722514,11.44894435,6.613905733999999,8.125708456,8.047252588,8.24606787,6.739272013,7.387522576,6.922445402999999,8.918483372,7.967651216,7.76933095,9.51556966,8.480047184,10.03972633,11.48093452,7.679656216000001,7.544667877,8.728796796000001,12.36600378,7.294450416,7.878760882000001,8.250279577999999,9.035737167999999,9.205261137,8.412236323,8.640641615,9.329469665,9.493535362000001,12.86353696,11.663431800000001,6.7771338860000006,6.917029232000001,7.976193892,6.9470920739999995,8.789608767,8.230749872999999,9.851242121,11.63647474,9.679340487000001,9.745957468,7.024818542999999,9.554531907000001,12.62515228,11.11287145,8.161792435,7.913961362999999,11.51776836,8.063871564,9.499388344,9.623532154,7.6724556029999995,9.059353927,8.812981807,9.373081642999999,7.00460411,11.49206503,7.415410621,9.262080532,10.62770717,11.02753106,8.766285382000001,8.823865347,8.866641678999999,9.787553521,6.824937245,8.872308523,10.81052553,7.242154706
6.999180351000001,11.73669764,6.835856245,11.01831698,7.432346197,10.67818979,12.05378871,13.10879175,10.91551331,11.10978445,8.503428685,11.00015902,7.679841238,6.965630197,12.59845037,8.631704658,11.69145154,10.41556436,11.85467015,7.476093696,12.19084184,8.151061286000001,8.00269349,7.834293528,8.160812479,11.06196475,9.12151552,10.38618796,11.10398359,11.88932827,11.30877376,12.28896293,9.470230106,6.7247705810000005,10.5212339,9.122273979,9.104224448,10.55573809,8.70812773,7.883683531,9.708628865,8.798281439,9.598066008,12.31359006,11.70071846,12.00187943,10.01360062,8.870056367,7.532438197,8.50189829,11.761206699999999,8.52235388,8.137294937,9.767810053,8.264998539,10.49023016,10.69917385,9.580522445,10.33978821,8.892901441,14.28816135,12.83731572,7.011882366,8.827574595,7.794196552000001,9.274427955,11.23585669,8.091648165,10.75006358,10.36207832,10.65819061,10.71651367,7.063694647,8.340666203,13.891404099999999,9.955085137000001,10.12423462,9.966195682999999,11.43212874,8.077635185,8.113224461,9.097186708999999,8.120850723,8.531666506,8.71398313,9.721057919,7.392934196000001,11.14418392,8.775233199999999,8.680938924,12.45542123,11.90285706,8.992305737,10.39454238,8.942352475,9.791337802000001,6.795825885,8.240309847999999,10.81165921,7.3672801660000005
10.55301737,10.34449021,7.9838504,10.37791017,10.43919541,9.900053795,9.134829364,7.3882369070000005,13.02195037,12.23225645,6.717981875,7.9745337329999995,7.665213701,7.780748891,9.910066121,7.761772252,7.6387287839999995,11.25454537,10.45947153,7.595051027,10.02426604,10.40162244,8.515301118,9.088494466,8.25807446,13.03773493,11.22055737,12.04713107,11.64297273,11.50763007,10.28744344,11.51186224,10.55118021,7.265437547,10.14072651,10.045334800000001,9.08442571,7.016722587,10.38534141,8.203338606,9.789665142,11.20665042,8.408097487000001,8.077931895,11.67309604,10.05748267,9.750692256,8.158037172,7.696746235,9.839837218,11.20194186,8.483326352,7.811514932000001,9.658588263,7.760725115,8.414760765,10.30848452,12.30508321,11.0809591,7.532438197,11.98965718,11.1329744,7.801407493999999,8.838005911,10.34212237,8.81529023,10.8448058,7.390296009,10.79300306,11.58340152,10.47483904,8.280687107,8.862528412,8.008305984,12.35699773,10.46807836,8.637391981,9.40446882,11.37359996,7.887557941,7.822520808999999,9.091488027,9.576168102,10.59464402,8.61283884,8.533114972,7.376272486,10.83225802,9.055327481,9.11722058,11.46201879,11.28398994,7.694295124,10.000292,8.64273934,9.589509035,7.622220631,6.890922067000001,11.475149499999999,6.403316439
7.117468219,7.472554934,6.753008019,8.063138066,9.67624278,9.713281877,10.47740301,11.59371473,7.966983442,10.884451499999999,10.19792834,11.68645999,7.269773268,6.955920964,11.55038817,8.471317603,11.46730001,8.98769894,7.296316302,6.930058475,10.76501398,7.731608801,7.230599918999999,7.193788095,8.914566797,8.579436184,8.431525484,9.040838589,10.19932121,11.12438374,10.35713984,11.398512599999998,11.75863805,6.699839761000001,8.778431348,8.53514378,7.650923716,7.242753495,8.596183099,10.01305785,11.74634808,10.32005819,8.620041441,11.25131812,9.348943457999999,11.16207683,10.66005007,7.7168210010000005,7.111920445,9.102239351,12.05716816,8.016549455,9.140230962,9.414142932,7.732595859,10.50280543,9.507127017,8.347164752000001,10.01984135,8.665721386,13.65061161,12.636229,8.289210473999999,9.310307775,8.203066869,9.200692997,10.81851032,8.394809755,10.86486206,11.0579212,10.7256259,10.89413465,7.08149549,8.194721986000001,13.51730952,10.47822528,9.765729172999999,9.485905111000001,11.74402721,9.658588263,8.271193931,9.532227121,7.167753932,9.069306709,9.074056886000001,8.603404009,6.8917171360000005,10.916741400000001,6.9327541329999995,9.970960129,12.33103036,11.72926729,7.958917049,9.77598924,8.515601288,10.18764381,6.962886242000001,6.96147695,9.230403656,7.02601184
7.198456517,8.1455693,7.516882174,9.223607354,11.34520205,7.977202129,7.379485300000001,9.403204471,9.514647049,9.230007009,7.5201328,11.27396399,7.492346607000001,6.91368108,11.19716866,8.180443585,8.443053649,13.56400931,7.786768836,6.6782558960000005,11.74402721,8.289210473999999,7.198456517,7.907851667999999,9.661082435,9.647781756,8.977986951,11.9115298,11.52754775,8.384273186,10.03668829,9.470230106,9.199862247999999,7.07025919,8.355034875,10.1414306,8.971737167,6.968315622,9.058595574,9.210050293,8.756033459,8.467721711,12.00494429,9.799506671,8.709398206,11.68645999,10.12006247,8.227721385,7.368906093,8.301033614,12.71430856,11.30714913,7.686881575,9.936017082000001,9.163182959,10.06384269,9.937803596,11.93191137,9.454402177,8.303659205,13.55224073,12.89736215,7.301522336000001,7.76114091,7.548018245,8.28780439,11.81184389,7.829800623,12.19084184,13.79762808,11.79119889,9.422318379,6.775980915,8.650004478,14.39912878,12.86994063,9.011854181,8.20565766,11.88335246,7.680807687000001,8.780747059,9.915510519,7.996627522000001,10.42906405,12.05020156,9.450019724,8.032032466,11.84353509,7.728688236,10.70717671,11.80429036,12.59296546,7.606692112999999,8.597444499,8.793806452,11.9228972,6.882828339,7.67942017,13.06961611,6.925577922
10.11269423,13.15849488,6.7258754110000005,12.79716678,9.025610215,6.6337926529999995,11.57509596,7.810418858999999,7.912622872999999,13.65061161,8.431525484,9.804581962,10.30010265,7.0640496189999995,11.39667715,9.923878438,7.099781675,8.919825864,12.83731572,6.896067484,8.603093499,7.333205274,7.524748376000001,7.721655473999999,9.007423649,9.469380888,9.877259052000001,10.70625365,9.818766774,10.70822817,11.87216574,11.52754775,10.65913695,6.815710359,7.940024973,9.590938892,11.63843697,6.790536539,9.994090805,7.864502508999999,12.22078704,8.866991714,9.420473751,8.253158804,8.348499993999999,9.834908897,9.632633197999999,9.967451001,10.25897874,7.852167225,10.55118021,10.02939589,8.235378432000001,7.871027757999999,7.701475331,8.514140302000001,8.636518877,10.91810338,10.83567447,8.316582868,12.00494429,11.38392641,7.085285927,8.977986951,8.341979799,8.634689952,11.85776682,7.136599687,10.19169928,10.43822024,9.738618267,10.53827881,8.177362275,7.882533692999999,12.82391782,10.38367271,10.32641754,8.997292664,10.05242942,7.033547917000001,7.777049197,8.666350357999999,10.56961789,7.900947931,8.324752834,7.536201763999999,9.872613128,9.647781756,7.249284887999999,9.348490705,9.955655327,10.52479779,10.01066069,9.197182308,7.374127786,9.545631905,7.495300221,6.815710359,10.57266756,7.506387200000001
7.350323021,11.860722099999998,7.334399446,10.77475152,10.53738189,7.665757527999999,10.62978109,10.62087333,10.292746000000001,12.96142433,8.406932934,12.46030819,9.052311962000001,7.100031148999999,13.3679068,9.303387668,7.550143477000001,10.57168196,7.550143477000001,7.242325042999999,11.36666977,11.08943916,7.646863702,8.008305984,9.214046018,10.36763782,9.09343154,12.41767543,12.55534555,9.18341364,11.29894968,8.309360893,8.465419301,6.524999618,9.307386924,10.65199833,8.630539694,6.794772762000001,8.240545679,7.731201056000001,10.50455153,11.14875186,8.774870682000001,8.352010038,7.678054828,11.80665031,10.29117748,8.737859667999999,7.709571824,8.052171012,12.18360134,8.904929206,8.583911072000001,9.595264773,8.873248266000001,10.76728228,9.201495434,10.94552122,10.59178077,9.684412952,14.06398585,13.01416274,6.719554576,8.915317762,7.6648265460000005,8.817263772999999,10.91287615,8.083413055,11.88335246,11.79927552,11.18366567,9.769461817,7.109318204,8.467440737,13.82750007,10.96025028,10.57938766,9.412837931,11.01058096,8.708747301,8.744732208,9.105769562,8.09344228,7.582154271,9.503487116,9.944890699999998,7.742408135,11.36998174,7.369341662,10.15248986,12.38503373,11.80926977,8.678443597000001,9.806288239,7.95391401,10.83340077,7.66137871,7.121445463,10.47656446,6.973137045
10.22942344,12.41767543,6.641267417000001,11.482581199999998,7.143053987999999,6.828088062000001,12.91811699,7.530465167000001,7.641296422000001,13.84304746,6.887353431,9.210434441,10.49023016,10.78157984,10.00581946,8.534856538,6.589000307,8.206947783,8.556850089,6.7234845210000005,8.056538824,9.368328902,7.189381266,6.9693666720000005,8.798952014,8.688599696,7.9611112639999995,8.258376891000001,8.652158408,11.50965886,11.03182818,11.80192738,8.133213431,6.848328385,7.927605379,7.5211966839999995,7.553526236000001,6.709106897000001,11.37539419,8.939518636,13.52749072,9.170791223,7.74260107,7.604971637999999,7.850576541000001,9.82602036,10.20218627,8.519976796,7.143053987999999,9.122273979,10.92418886,7.845601942999999,9.057186697,6.997114302000001,7.910748154,7.707695187000001,7.319804648,8.320906356,8.570943809,7.907679527000001,11.41673916,10.292746000000001,7.073276068999999,8.963262133999999,7.461437908,9.781627182000001,11.65885726,8.198627672,9.204888737000001,10.38700725,8.574705717999999,10.05368348,8.990521108,8.815659199999999,11.43212874,9.657058914,11.31411702,9.774875459,9.487697454,6.65623911,8.299917618,9.40446882,8.538942042999999,8.848443413,9.490364345,8.827214271,6.951873868,9.47145893,6.9714178460000005,9.383135725,10.48575232,10.10781229,9.981254076,9.032488189,8.33129457,9.049746672000001,8.613736011,6.685160657999999,10.65715848,6.541961785
12.56556512,7.399655237999999,8.607741686,8.15285401,11.39140096,10.65819061,6.817676017999999,9.205261137,11.83831431,8.424871032,6.80290268,9.073323916,7.131022509,8.050891331,9.094200247,6.95460088,10.74695003,10.35556409,7.595051027,6.792212796,9.790808199999999,8.856477991,7.476803042999999,9.266484457999999,8.312023595,8.74874166,8.624268781,8.669953507999999,9.038290181,8.804721905,10.693893300000001,11.44522313,12.03000347,7.67040993,8.097188978,8.926123452999999,7.88662067,6.906959893,8.027107909,7.4622517870000005,8.82418676,8.502501622999999,7.050421217999999,8.48753331,10.17781449,9.919177154,12.2444573,6.8884106229999995,6.925516501000001,10.15313468,12.88291183,7.929193078,8.393420367000001,9.079970711,9.014736874,8.447957981,8.421189777999999,12.04377355,9.406215683,10.11410767,13.15849488,10.81404159,6.944989767999999,7.155612795,9.242997777000001,6.8304231689999995,10.25178061,8.572673609,9.5442684,11.09373948,9.392050044,8.007583881,6.925516501000001,9.299523263,11.76375392,11.38229878,8.640078092000001,8.453239952999999,12.22432397,9.348490705,8.866310844,10.147575300000002,7.758400309,9.104224448,8.931410286,8.485878322000001,6.636347402999999,12.29316358,8.753809642,9.335396394,11.22818738,9.844354646000001,8.195276793,8.541574515,8.867982665,11.24377381,8.146081867000001,7.8070355,10.99241032,6.930023251000001
7.144806907,11.72446907,6.688168292,11.18509764,9.655195217000001,7.901170292000001,11.52964963,9.607015667,8.666963262000001,12.77058313,9.324551308,11.03182818,9.818224914,7.097733261,10.20277819,9.208083163,7.3242778820000005,10.19026029,9.234794384,8.606884973,11.70533801,8.199169292999999,8.951839616,7.076863,9.746498908,9.336684878,8.436870247,9.196777195,12.68536163,9.223607354,11.51393704,11.78110578,9.19325996,7.307356153,9.068197741,9.319060633,7.4056204789999995,7.160795591,7.190660705,9.84100345,11.74402721,10.41474345,7.158468837000001,8.936689077999999,8.090144857,10.83567447,9.905957504,7.09939173,7.0568196610000005,8.138051707,12.06343798,7.566565359,7.04881832,8.15598088,7.803842172,10.45947153,9.780452008,9.59714964,10.5889453,9.163902109,13.1937799,12.28896293,8.872938214,10.05368348,6.902997017000001,8.761736721,10.62576781,7.421193682999999,10.81519446,11.37892834,10.7256259,10.12423462,7.452323611000001,7.488248727,13.65061161,10.14547475,9.550356138,9.631584003,10.47057228,7.681036907,7.531197885,8.634689952,9.009669958,7.341013092000001,8.71713408,9.604649552,7.043714576,10.897967300000001,7.732595859,9.988559444,11.26252303,11.34150924,8.795931377,8.918843265,7.177575681,10.37155723,7.030936775,7.1495272089999995,9.618036939,8.976179193
7.913734713999999,12.85012197,6.830008359,11.03182818,11.28240184,6.96897726,9.10108348,11.95554123,7.882739165,12.00187943,9.602329995,10.62186776,9.918068445,6.798104662999999,11.877576800000002,7.732200337999999,7.073983115,9.111500329,7.858512649,7.831785204,10.55487068,8.889204162999999,8.276401003,7.375710922000001,8.592093263999999,8.495241292000001,7.84080597,8.371560296,9.747066778999999,10.04470212,10.80614763,11.80665031,10.10161929,6.647620075,8.756033459,8.706587171,8.147360051,7.581061087,8.690996408,7.548530661,11.305547599999999,8.557527463,7.963235786,8.310423718,7.757118514,11.111248699999999,11.69145154,8.377107815,7.39595748,7.309222159,12.27657453,7.793921087,9.138291623999999,7.792775422999999,8.446514783,9.428020618,9.023741794,10.03544188,10.21998849,9.692164432,12.86353696,11.55831726,9.619099907,9.377934019,7.595421256,10.01785061,11.02881304,8.402448044,10.19792834,11.63014786,9.297917499,11.29387802,7.9953943270000005,8.748450709,12.8170957,10.88211565,9.576168102,9.986834137,9.654708702999999,7.204729866,8.598346751000001,9.592424218,7.724466856,8.468564096,9.214428013,8.619450489,6.930998855,11.11433986,6.830008359,9.450019724,11.42843677,10.35478609,9.091880603,8.430426694,7.7805587,10.47143882,7.082334301,6.863976666,10.68352579,6.708652327
7.2722221760000005,11.26590475,6.847205551,10.96025028,10.90397333,10.88103096,8.392008124,8.432118617999999,12.31359006,12.21313719,6.9022605089999995,7.572185705,8.31893218,7.29075402,8.564455674,8.677524578,10.73532527,9.678796746,10.36602041,9.437650382000001,10.03362717,11.64297273,9.519232055,10.66916712,10.70300717,12.39436997,10.82537047,10.92294395,11.74634808,10.60221681,10.38110301,11.29548102,10.46467226,9.117608876,10.56047277,8.139134776,11.65218109,10.61196481,9.309488905,7.179990135,9.874301917999999,10.73202766,9.31370757,8.39647787,10.35478609,9.846689786,10.69917385,8.502501622999999,10.508954,9.020477364,12.73944103,9.241326953,8.151061286000001,9.276431889,9.162807904,8.228793247999999,10.79950092,10.12423462,10.99494869,8.029782601,11.38229878,11.20665042,8.383736165,8.839013712,10.02171095,8.630539694,10.38882008,8.476995576,10.36050403,11.5960159,10.46647232,8.601600035,7.393505996,9.518328658,12.48895415,11.566778300000001,9.224401534,9.124252,11.9059177,7.783998339,9.490364345,9.817727995,9.357739037,10.5098551,8.765973274,8.966111374,9.850092032000001,12.03725283,9.454402177,9.39932037,10.11410767,11.25454537,8.759498461,9.916781785,8.967971363,10.16247069,8.08818015,7.244581633999999,10.26113061,7.4844948989999995
10.09965657,11.22358332,11.18652298,12.636229,7.1397709439999995,8.812023091,8.176851673,6.9968577629999995,10.21231131,12.99894831,9.475107534,10.37394748,8.71069293,7.151547793,9.598521937000001,8.946971612,7.345999861,7.718422522000001,9.093812573,10.39125065,12.13282353,10.01535162,10.24455079,8.1455693,8.403585347,11.64995174,10.5142362,12.41283551,12.77058313,10.36602041,12.16128267,11.77117626,9.492613442,7.436841747000001,9.667960379,9.243345352,8.23104131,6.865836384,8.697234153,7.631218427,11.83831431,9.555926624,8.897876414,7.7857084610000005,10.14968266,11.12731627,9.842662948,9.227260187,7.951841926,8.930324135,12.58721708,9.058595574,7.495634572999999,9.244955036,8.092150315,9.485424381,9.303801905,9.973400671,11.36842334,8.387613252000001,12.86353696,11.79119889,7.391469905,10.33893399,8.286987437999999,9.640333904,10.75115943,7.519455155,11.87216574,11.05243218,11.10823942,10.095444,7.475767525,7.693183182,12.96930994,10.71536522,10.3055275,9.723079881,10.39292243,7.629639936,7.855292821,8.344132715,10.05876629,8.779457241,8.259944763,9.754937158999999,7.917609026,10.62576781,9.010435662999999,13.55224073,10.82859109,11.20665042,9.391554937,10.27748576,8.265549166,9.455254976,8.717455602000001,7.251903236,9.241326953,8.031014874
7.311891421,12.20939865,6.766061625,12.30912873,11.80926977,6.679727768999999,13.8597081,7.406993272,8.450487655,13.41061325,8.971364545,9.584585517999999,11.09510197,6.756000286,8.588801878,8.443335117,6.648936902000001,9.89372584,10.43919541,8.048482528,10.32792624,7.857309846000001,8.021515345,6.83530038,8.182509084,9.988030378,8.539512435,10.85774411,9.696365495,11.13704685,11.81456361,11.9196025,8.621518706,7.1817495529999995,8.126691866,7.388948802000001,9.480422538,6.939343905,8.045366881,10.25471925,11.16668479,9.050468245,8.937408578,7.93106317,7.5817754189999995,10.31931542,11.62596719,8.356807156,8.400605217999999,7.352378777999999,13.40083083,8.53514378,7.205686324,8.659915031,8.913544491,9.54287379,9.549922818999999,9.046449857999999,10.01179682,8.789948888,12.51863729,11.22988916,7.174664354,9.322428073,6.7318980989999995,9.361512461,12.00187943,7.9873068510000005,10.43409352,11.83024481,9.420886689,11.07536852,7.264952871,8.767883169,12.99894831,10.72764719,10.31244297,9.355149597,10.24165711,6.7177983779999995,8.933875622999999,8.787663123,9.621083622999999,8.210816244,8.885964508999999,8.29673186,8.001220556,10.94437965,7.240838273,9.727827515,10.25760794,10.42648495,9.486353703999999,9.597617757,7.644619174,10.25831001,7.112057096,6.980153952999999,9.737056127,6.743047122
7.816526775,9.876656777,6.754048835,8.571538724,11.97666898,9.220661227999999,7.293751997999999,8.057007327,9.27893439,10.16875342,7.1232095829999995,9.681416318,8.069103876,6.651376581,10.47976018,10.97535045,8.249522953,9.977014975,8.87699179,7.778577704,10.22298348,9.041225153,8.106978386,8.23489305,8.636217783,10.41140004,10.87974981,11.68198103,12.33103036,8.968988397,9.74179397,9.510421262000001,10.12910517,7.343000769,8.394250362000001,7.886393409,11.55038817,6.900170752,10.33816108,6.96284163,9.423557856,9.008959262000001,10.88330139,9.412837931,8.25807446,10.69603368,11.63843697,11.18981311,10.292746000000001,8.252404336,13.87558548,10.14685231,7.909360245,9.830852248,10.46730935,8.79760668,10.65504604,10.03426259,10.08881016,9.142064416,12.39932786,11.61956724,6.861425765,7.691930352000001,8.120607003,7.725339417000001,10.82537047,9.363231879,10.53641741,12.18360134,9.976426446,8.87039435,6.789009581,10.71032648,12.4318736,13.03773493,8.97380299,8.235935137,12.18008645,7.688115832,10.5520882,11.305547599999999,8.735986602999999,10.68458521,12.08721136,8.638235113,9.27848956,12.62515228,8.600672641000001,9.338381038,11.33296211,11.30714913,7.829800623,8.542446603,8.540701253,11.66816945,6.918279329,6.9805307039999995,11.02495756,6.74809978
13.51730952,7.513520936,8.756353002,8.470777081,11.67309604,12.28896293,8.410101398,9.356380991,9.780989867999999,9.928805759,6.833028055,8.915317762,9.594789581,11.09088411,8.857825798,8.730672302,8.54043028,11.34150924,10.92670841,7.797693355,10.06975543,9.580054333,7.934845922,8.272799642,7.88662067,8.827901308,10.13185881,8.770387223,9.191270473,8.629332168,9.392050044,11.17566333,12.636229,6.683726592,7.909360245,7.634358335,7.383320606,6.768087261,7.479135577999999,7.004791282,9.93292553,8.099039249,7.2509010179999995,9.017945669,9.798339608,10.12695785,12.75808013,7.355979187000001,7.238822829,9.885747268,13.92215862,8.2741071,7.83630074,8.840661307000001,9.749159165,8.216136739,8.508356393,10.34449021,9.522343387000001,9.426678097,12.81058549,10.56961789,6.874716222000001,7.1859339879999995,8.503094347000001,7.372189056,10.01535162,8.894852852,10.03668829,11.55038817,9.839837218,8.613157438,6.885045571,10.30408111,12.09731119,11.70533801,8.567081863,8.286987437999999,11.38952264,6.948194937999999,9.828755973,10.41054003,7.977202129,10.01914712,8.608022334,8.982687947,6.92186662,13.22890161,8.385698077,9.525051606,10.51699829,10.08401655,8.325033392,8.562063056,9.84100345,11.00788699,6.969248591,7.3297146479999995,10.89667217,7.01221255
10.71536522,10.85670217,6.7984917629999995,10.71651367,10.49740795,7.745853437999999,11.13704685,9.824851114,7.63579119,12.67987449,9.957581464,11.84353509,9.254670861000001,6.677248265,11.38061716,7.882936022999999,10.6712399,10.32561663,9.884123406,10.24165711,12.45542123,9.976426446,10.30773182,7.190137666,9.398078911,8.560001442999999,8.959574874,10.97535045,11.860722099999998,11.51393704,12.42715351,11.19716866,9.533110431,6.612412194,8.469689322,8.941624654,8.785960691,8.941268981,7.595234483,7.396242282999999,11.33296211,10.20071516,9.516485184,9.589945665,7.853492062000001,10.87086348,9.8880023,7.592384935,7.691375081,7.699663286,12.54009283,8.104252711,8.369386336,7.946112341,7.779423551,10.82859109,9.632145279,8.657721188,11.2675444,10.80835123,14.12381579,12.65292908,6.970832874,10.04232476,7.118260257999999,9.547048803,10.57631528,6.8847561189999995,11.30388677,12.64158126,10.70115329,10.57452519,7.423305957,7.493567137,13.77036306,10.50015377,11.00147261,8.307407084,10.68458521,7.57483976,7.554261955,8.188560608,7.557737476000001,7.563045549,9.242172255,9.816096311,7.881004844,10.71334211,7.551051677999999,9.571951292,11.75352099,11.45657101,9.610058443,8.851822335,7.806817379,11.03021102,6.834570401000001,6.830434348,11.11716577,7.2676152389999995
6.874250746,9.11037783,6.954820799,11.56477731,7.434912522,10.65715848,11.06621629,10.06443193,9.483095598,12.41767543,7.986275237,10.58129516,8.590309077999999,9.247782907000001,11.19286406,10.25831001,7.76844208,10.19169928,9.165503257000001,8.401655173,12.77699278,8.991215271,8.437683082000001,7.752200048,9.143983002,10.63379112,10.29050066,9.694749467000001,10.5212339,11.2496996,10.61597545,12.33497957,10.32079175,6.845066619,9.824277752999999,8.472436598,8.562629073,7.1258074229999995,8.571826626,10.1372613,12.22432397,8.49834674,8.834294089,10.72988237,8.742060706,11.31778037,10.42328905,9.51877709,8.25292352,8.432418487,12.7330285,8.711697543,7.783554735,9.007069992,8.751891832,10.13867548,9.769461817,9.252980444,10.16950562,8.726277892,14.02499489,12.26510211,10.46467226,9.377486519,7.651111444,8.730050587000001,11.25933131,7.615700542999999,12.0268506,12.81058549,11.32115849,10.53738189,6.972283462,8.150833618,13.21148392,11.69616408,10.13322696,9.678308633,10.70300717,7.678255752,8.292720565,8.921585057,8.463656719,8.169521211000001,9.01941276,10.14901402,8.304961249,10.62576781,7.739028686,9.293049392,11.9115298,11.96739508,8.21294169,9.121120515,8.17079376,10.42411172,7.471210297000001,7.166836401,10.29417374,7.028404008
11.3949986,10.9654286,8.179915285,7.375536161,9.675147224,9.222373785,11.31411702,7.5727946489999995,8.277504783,11.28735116,6.730475403,10.11477571,9.087362663,8.413329131000001,8.603695626,7.073654228,7.035843099,7.9196755560000005,10.1869073,7.26693448,11.305547599999999,8.708747301,7.826271393,7.3428547470000005,7.54140228,9.262519072,8.21110736,10.74469453,10.61492844,9.321632111,8.102047204,10.87974981,11.03315359,6.972121905,9.389451957999999,8.804040974,9.421308436,6.758266143999999,8.751891832,7.146204889,12.48369503,9.367888073,8.774217572000001,7.836971082000001,7.760062222999999,10.54742233,9.016895527,7.703906267000001,8.007837591,7.5047969310000004,11.16061927,8.685864051,8.985532266,8.036196673,8.181763881,9.508966905,9.122673022,10.6813026,10.41054003,10.62479531,12.96930994,12.23225645,6.74640436,7.438476994,8.476995576,9.418594499,10.14685231,7.856900457999999,10.64311554,11.48454263,9.698392282999999,9.972175918,10.17365383,7.590929547000001,13.50572504,10.09274049,9.910652967999999,8.781656165,10.05368348,7.109948411,7.884791143999999,7.883683531,8.957784372999999,7.421633472999999,8.929249407,8.892901441,8.347415838,10.62384692,7.922492899,8.710347334,10.54552078,10.62978109,10.14399754,7.981212125,7.370199661,9.966824191,7.126752832999999,6.890090977000001,9.889677187,7.000655856
11.82780244,7.354053803999999,11.79651465,8.527236862999999,8.90459486,11.36480729,8.385123169,11.01831698,7.557172984,8.50279018,9.526484438999999,10.17227529,6.929723458,7.079638495,11.91399562,8.668468297999999,10.47143882,10.48309283,7.8218397379999995,6.93410866,9.102984947000001,9.054585236,7.38586117,9.678308633,10.465539300000001,9.127970177,7.686314962999999,8.833322753,9.444766579,11.70755953,9.438124945,10.97416663,11.90876661,6.630536116,8.032032466,8.261874602,7.735599195,11.39667715,8.461035557999999,9.430669284,9.589945665,7.233819447,7.675623773,9.250236882000001,8.633183021,9.588063064,11.5960159,7.374001151,7.247829443,8.856477991,12.70255304,7.577726267,9.105769562,8.957054535,8.855078066,9.122673022,8.679059925,10.58703706,10.53013478,10.73099225,12.7330285,11.07141263,9.098515192999999,8.868657732,7.168970358999999,8.164084028,9.926313243,9.514647049,9.302915743,11.54185344,9.440297765,9.516030795,7.41316974,8.867982665,12.52384585,11.36998174,9.392050044,8.021515345,9.972816052,7.923611348,8.902031043,10.24959732,7.344724846,8.46628453,9.359030956,6.926081656,6.9164653970000005,11.61956724,9.64527732,9.887406164,10.67719178,9.985002612999999,8.734742312,7.458009061,7.391305727000001,10.85310883,6.864477699,10.95769276,10.46647232,8.568003625
11.05378203,11.25300939,6.918926067,11.47308696,7.329588299,7.304933033999999,9.489522848,7.784674097999999,8.350364781,13.04548117,7.137058251,10.88330139,10.17086879,6.95529882,11.35760197,10.18561218,7.048455349,9.340500609,7.394934046,8.9114641,12.09369499,7.937403398,9.408415211,7.186987525,8.662369684,10.07475584,9.673085314,10.01725659,12.26510211,10.66305812,12.04713107,11.08805157,10.06067346,7.1944554510000005,8.953568644,10.38033272,10.7661406,6.741799005,9.880064746,8.029005665,12.45542123,9.723079881,9.52148697,7.728044402,8.911074808,11.67982,9.33882189,10.31244297,9.16238932,7.756275893,11.74154087,10.37791017,9.056444472999999,8.566806573,8.271730312,9.859735297,10.09475733,10.4097453,10.85424965,8.442202402000001,13.55224073,12.81058549,7.07581721,10.57071929,9.836593602,9.846689786,11.32272039,7.439742544,12.51351002,11.66816945,11.877576800000002,10.70300717,8.228498186,7.777474526000001,13.663902400000001,10.52391041,10.42241756,10.09079874,11.07399396,8.298592675,8.049196579,8.200402961,9.474214893,8.253158804,8.255171691000001,9.640787205,9.286781556000001,10.80731928,7.846939634,9.132922054,10.69501215,11.99268103,8.974167216,10.37081557,7.354600681,9.747066778999999,8.6463458,7.035184988999999,9.985647018,7.333334121
6.981791927000001,11.27551483,6.892929307,11.6023883,10.54552078,9.020154335,9.194771454,8.376532393,10.76728228,12.12930028,10.79420119,10.45278549,8.549839169,7.3290437939999995,12.22078704,7.992504933999999,7.491469612,8.962158996,9.985002612999999,8.461035557999999,11.47704234,9.636494548,8.574418677999999,9.199478197000001,8.722396891,11.07536852,10.32005819,10.01660487,10.7266561,11.05243218,11.12580835,10.6813026,9.886265866,6.613264076,9.857478448,10.08609835,8.371803733,6.940146348,10.70115329,8.206167025,10.47576159,9.215616491,7.696746235,7.9366984920000005,10.02489901,11.29387802,10.85774411,8.252134191,7.5907590979999995,9.144765413,11.97666898,7.674627012999999,8.695661844,9.750188986,8.687740472,9.539179407999999,9.468419524,9.865670033999999,11.12731627,7.967651216,12.88291183,12.18705036,8.394250362000001,9.952489987,7.697593477000001,10.28287631,11.18193748,8.166902402,11.50763007,11.475149499999999,10.37707919,10.10576408,7.88986516,8.679059925,12.96930994,11.24377381,9.694749467000001,10.01005038,11.21578229,8.242965612999999,8.975874033,9.16992526,9.635032126,9.396364987,8.587591129,8.852826326,7.362530142000001,11.22209299,8.927167719,10.71130694,11.1772396,11.49389466,9.557817127,10.31789229,9.447454606,9.909468334,7.234443947999999,7.074766239,9.52148697,8.485042949
11.69845749,11.23748465,6.895744212,11.59799703,11.21123828,7.4774582370000005,9.162807904,7.606692112999999,8.586669236,12.62000801,8.122403628999999,10.69296103,7.9479872789999995,6.640049735,11.00535443,8.555960311,7.217742599,9.214046018,6.898247934,11.67982,11.75863805,10.30933736,11.9228972,7.098881968,7.350463713,10.00818607,9.067846671,10.50633736,11.81456361,10.22653388,11.50155359,9.221556301,8.528733136,6.772171061,9.908333631,9.376135456,8.830252426,7.048717504,8.031014874,7.672648194,11.72926729,9.73037579,7.9479872789999995,7.896136167000001,9.24055383,11.02624129,10.29632802,8.872938214,8.62032982,7.753728728,12.48895415,8.731877193999999,6.889333000000001,9.266484457999999,10.19372552,9.056444472999999,9.357739037,10.93306927,11.13984525,8.106550823,12.85012197,11.894884199999998,8.006837282000001,9.72624779,7.732782693,9.452683257,10.70115329,9.361917735,11.81972659,11.58130098,10.63488783,10.15671666,7.527905033,8.757686257000001,12.89736215,11.415004199999998,10.57452519,9.677790724,11.33633481,7.961315532,9.427577669,9.003517233,10.0961591,8.449895471,8.427352547,9.160085104,8.477267167,11.56882816,7.803143033,12.76419937,10.79074196,11.30877376,8.609875196,9.779912215,7.506580041,10.29197752,8.033227631,6.895744212,9.284648276,7.228621029
11.12878981,10.8868978,6.500155808,11.11716577,9.976426446,6.873694678,11.24671267,10.59089016,8.795931377,12.66926955,7.8571133820000005,11.08943916,10.91922609,6.729683132000001,12.75156761,9.304980933,7.938868078,10.35637829,11.01959767,9.513257688,11.77381646,8.823865347,9.616536642,10.00881664,7.8336005989999995,8.477524335,8.517390297,10.65297239,9.58135073,10.96419607,10.19723723,12.84411813,9.985647018,7.500727373999999,9.961267658999999,8.177362275,9.004205558999999,8.668774178,9.238797952,8.095410856,12.45160746,8.530518628,8.051124548999999,9.236854826,9.403204471,11.482581199999998,11.03021102,8.451880066000001,8.19368348,8.349304265,13.053214,8.010696151,8.251642107999999,8.51300875,8.125708456,9.915510519,9.594330685,8.693184772,10.52929969,9.049746672000001,13.77036306,11.97969001,8.880791989,9.162037817,7.185370015,8.745348762999999,10.60706581,7.4244824860000005,10.79074196,11.32272039,10.26258346,10.82750288,8.033757008,8.398922537999999,13.25699948,10.8856976,9.797836894,11.07962712,10.54278375,8.21396471,8.468326824,8.824844273,7.8687540160000005,8.444192565,8.900669106,9.675147224,7.892942562999999,10.98732972,7.333630349,9.059765445,11.89230454,11.20523412,9.510421262000001,9.378789123999999,7.362384707,10.10991684,6.991542357,7.066742427,10.26485303,6.9403627420000005
11.52964963,11.06885615,7.805120014,10.78265966,7.64363066,9.697872958,8.712949139,6.850392427,8.882848676,12.38987038,6.9554872670000005,7.953449163999999,9.125762301,6.943615996,10.81165921,10.13522797,7.781229607999999,8.868657732,8.708456761,9.031108662000001,11.63647474,8.464245542999999,8.84307682,8.85249816,8.387613252000001,10.96025028,10.48063214,10.84599305,10.85075975,9.938954131000001,10.87589908,10.07475584,9.758610487999999,7.375389867000001,9.000598777999999,8.270341751,12.49899992,6.887322419,9.815031017999999,7.198185805,9.526016637,9.522343387000001,9.706088223,8.064112469,9.55498762,10.40251024,10.72364205,10.37315972,12.29316358,8.139954106,12.33103036,10.72877653,8.006837282000001,8.597119433,10.4739987,9.083689733,10.80835123,9.888548901,10.40754051,7.266618697,12.143702099999999,11.79119889,6.975980353,8.688599696,9.938364235,9.002460155,10.35963458,9.368328902,11.40415578,11.99578154,11.73903869,9.011854181,7.344454807000001,9.615483917,12.91056881,11.69845749,10.27675294,8.449596417,11.56279786,7.4488773660000005,10.07536226,9.936608936,9.219432568,8.315407622,8.998402405,9.323635247999999,12.25270729,12.03000347,9.094629467,9.154552307000001,10.49023016,11.93191137,8.532810371,9.808504031,8.250018808,10.28287631,7.59206403,7.179644977000001,9.475107534,6.819820237999999
7.112765743,7.9641881979999996,6.624954400000001,7.980972873,7.144428313,11.19716866,10.5160161,12.33960384,10.28429669,10.06191901,10.58608434,10.72364205,10.717516499999999,6.848506194,12.47416214,13.33675624,9.255928022,10.12764347,7.407402883,7.808597069,10.65913695,7.675268378999999,8.235640914,10.33978821,7.7963822689999995,8.876314902999999,10.69917385,10.12285793,9.935431027,10.33108029,11.05113529,11.22662271,10.81404159,6.560806154,8.650897535,8.493811412000001,9.850646271,8.174661986,9.11037783,11.285671800000001,10.014185000000001,9.01870679,9.056108446,9.686017456,10.58129516,10.67719178,10.34134353,8.841334315,8.955962457,10.31789229,11.29228391,8.649684192999999,9.091880603,9.8880023,6.971152823,9.355149597,8.359465235,9.750692256,10.59649479,8.631977158,13.23822132,11.69616408,7.892715003999999,9.364858141000001,7.1240054729999995,8.958165221,10.51347157,7.398994465,10.27232587,12.504059800000002,9.855157792,10.64709865,6.706457042,7.551446145,12.76419937,10.80835123,9.143983002,9.622094277,10.63594444,7.222795467,7.424788259,8.678757487999999,7.019101831,7.865865802999999,9.613554875,9.512809986,8.50189829,10.37552083,6.9413058,9.506670745,11.86657525,10.4097453,10.09152987,9.489522848,9.642860491,10.20486343,6.842810497,9.347635795,11.19575503,7.84925616
12.39932786,12.38987038,7.759046994,12.54444733,10.94670733,8.181524061000001,9.224401534,9.059034844,9.512809986,13.21979835,8.663600035,9.655195217000001,10.06571153,6.652256424,12.20175755,7.756726415,7.4177955529999995,10.09342627,8.980911427,10.01179682,10.61492844,8.441889003,9.632145279,7.459870231,9.605135188,9.651200968,8.986640922000001,9.061236057,12.12587469,10.53917054,10.93689068,12.07313677,10.56418265,6.814335065,8.815659199999999,8.789608767,9.988559444,6.292786108,8.278528273,8.289455338,11.89775851,9.929938493,7.307093194,7.899300882,8.232098074,10.67022911,12.10421396,8.519399229,8.769757268,7.581254832000001,13.45205599,7.545225201,7.703526845,8.486149243,9.279776174,8.917777101,8.512689735,7.602447226000001,11.36666977,9.040523743,12.2444573,10.93562656,8.31408473,9.057528812000001,7.33821804,10.41556436,12.28069372,10.24097829,9.963147402,12.03725283,8.98482811,10.928079400000001,7.559724297000001,9.505719277999999,12.24871622,11.14730911,10.32561663,10.28826926,10.07350988,7.153559642,9.796251826,10.9293541,9.354268549,8.746872006,9.041225153,8.918843265,8.034940065,12.0800659,7.0483621,9.626538301,10.8868978,10.05242942,10.38288955,10.09412132,7.713731501,9.889070401,8.940176915,6.949767107,11.19428619,7.2694354820000004
12.60923337,7.649504212999999,6.665361315,7.595051027,11.50763007,12.12205077,7.48207072,9.411528113,11.88637557,9.379720333,6.982124025,9.127970177,7.502873731,10.13659853,8.996289415,9.607520921,9.216719885,10.19169928,9.202251343,6.875138797999999,9.078886038,9.513257688,7.280154583,10.77590935,7.855292821,8.834941752999999,11.59371473,9.556384957999999,10.44507139,10.21297152,10.31410899,11.47704234,11.94380113,6.862926545,7.446473897000001,8.249798275,7.70069233,7.002641431,7.437364743,7.135877678,10.20916635,9.248212201,7.735599195,9.097186708999999,11.57718123,9.843791063,11.64297273,7.04116275,6.7535402929999995,10.32863538,12.82998084,8.986317748,7.078662017,8.377680186000001,9.461566357,8.341686267,8.771984448,11.860722099999998,9.795762991,9.683408578,11.97366066,10.45103519,6.953074485,7.376137816,8.804040974,7.124862616000001,9.668495732,9.167109575,10.08814622,10.93057562,9.21629953,7.573393687,7.221367817999999,9.752864535,11.761206699999999,11.39667715,8.869738924,10.63379112,12.62515228,7.379485300000001,9.778778894,9.975771688,7.838733963999999,8.158548693,8.833614965,8.309106707,6.889709158,12.33497957,7.966983442,9.287568256,10.78964653,10.44328638,8.446768352000001,7.810854886,9.578169861000001,10.87974981,6.914015845,6.75560149,9.979485495,7.3727865370000005
7.028072996000001,8.02880788,7.07615178,7.668190292,8.417487083,9.981924567,6.782866927000001,9.03078126,9.623039914,8.714573206,7.752200048,8.405553579,7.2469558670000005,6.841254802000001,11.70071846,10.75768921,8.988378061,11.74862078,7.843739126,9.535509557000001,9.956172791,9.747066778999999,9.234040369,8.949777113,7.954888153,9.508018095,11.49206503,9.953129286,9.118381759,8.414216052,9.663275929,11.0346455,13.10879175,6.643254043,8.360606483,7.6083657,9.959404016,6.552230478999999,8.297501236,7.048559977000001,9.745428815,7.696099704,7.8919519320000004,8.726909582000001,8.638870356,9.768320634,12.15450558,8.47497899,9.494038677,10.51347157,14.1902371,7.682467837999999,7.57808327,9.010038681000001,9.098884486000001,8.655599687,9.067477935,8.543936405,10.10161929,10.59178077,13.26687006,10.02115538,6.845850601,7.062237112,9.176930112,7.445093721,10.76390257,10.16174908,9.555926624,13.65061161,9.264138829,8.720571487,7.074166783,9.614499407,11.36998174,12.066351199999998,8.347695636000001,7.501950895,11.750960899999999,9.921640381,9.378369627,11.56062141,7.467823857000001,10.30256776,9.584585517999999,9.088494466,8.071505903,12.54444733,9.214428013,9.902977128,11.89775851,10.55663674,7.962306722,8.472159143999999,9.592424218,11.12878981,7.364901852000001,6.839557611,11.14875186,9.920399622
9.866805093,7.491097102,6.712785534,9.040155326,10.84257001,9.64577041,8.370235823,11.81184389,9.796773778,9.687470311,7.998784071,10.70510952,8.711697543,6.9569735239999995,10.65199833,12.25270729,10.23958831,9.828240567,8.716805003,8.426005822,11.27396399,9.738069761,8.593871624,10.60706581,8.7502859,9.472813902999999,10.05941606,9.553205558,9.207270379,10.10781229,10.08940583,10.71334211,12.69099716,6.872036859,8.346615332,8.164337226,9.702437474,7.593524177000001,8.724975873,7.768854775,9.678796746,8.992305737,7.689093062,8.953272172,10.01984135,11.1068717,11.09231096,8.397559896,9.049374391,10.76936297,12.59845037,7.601706401,6.98009998,10.5142362,7.970784235,9.345073564,8.342553172,9.766755587,8.639164755,8.632538041,13.420225699999998,11.67760923,7.907679527000001,9.409776895,8.908698447999999,7.8919519320000004,9.008577271,7.743712642999999,10.68352579,12.39932786,10.98053774,10.35478609,7.943194325,8.780747059,12.58721708,11.83831431,9.526016637,8.024224016,12.91811699,9.468419524,8.361688895,9.601418772,7.071622112999999,10.54278375,10.92553097,9.959404016,8.531666506,10.42731429,6.812974137,9.464389516,11.604357499999999,10.81623545,8.075173966,9.556861982000001,9.526484438999999,10.3358924,7.066954932000001,7.528435762000001,10.28826926,7.896353512999999
10.42241756,12.69654377,6.741013097000001,12.38987038,7.2050049739999995,7.293957165,7.44594749,7.94870388,7.931539107000001,13.15849488,7.386446374,9.105769562,10.87086348,11.86372038,10.43729076,7.166836401,6.902084817,8.488911181,10.0612897,8.02880788,9.43332432,8.959934106,8.01440834,7.185475257999999,10.94552122,8.926123452999999,8.18569528,10.83920422,10.06322188,11.41122205,10.63488783,12.02349038,11.02495756,8.474728838999999,8.128411566,7.245742687999999,10.12217274,6.62962462,9.257492895,7.624354114,12.16875887,9.673085314,7.569397345,8.058737422,8.321204915,9.038655681,9.844354646000001,8.29057545,9.448725969,7.364774144,10.77144137,7.416819472,8.714868526,7.688511994,7.790199508,8.783296457999999,8.459540682,8.107531952999999,10.3055275,9.98741262,11.66569819,9.997968227000001,7.5372721170000005,9.475542173,7.034115081,10.31011482,12.37497829,7.425692268,9.014736874,11.78367664,9.039420323,11.20194186,7.887801799,7.908140157999999,11.60018194,10.65297239,11.2675444,8.01828177,10.7216892,7.084244441,7.913734713999999,9.326247082,9.496315071,7.897680766000001,9.564456561,8.390369911,8.480047184,10.71235618,7.568838445,9.245338542,9.863341249,9.862122663,10.34375775,8.880791989,7.325427027999999,9.722638947,7.686708005,6.685943344,11.51186224,6.913388506
12.15090446,8.082187102999999,8.29402517,7.454332362000001,7.530829152999999,12.75808013,7.010458347999999,9.28217884,13.44100633,10.34212237,6.747049506000001,9.663275929,7.469529444,7.071924417999999,9.601860384,8.540927711,7.6579805720000005,8.765303065,10.53284312,6.766371704,8.705633925,8.303659205,7.115676532,9.353455015,9.210434441,9.665306793,12.77058313,9.420473751,10.14616413,8.486149243,10.66412821,11.34520205,10.81736499,6.851420582,8.337335412,8.430704863999999,7.449017232999999,6.792572115,7.200693136,7.50304106,9.173340972,8.635286648,7.288145717999999,8.598346751000001,8.350364781,9.337932933,11.58940708,7.178936366,7.013899518,9.142453923,12.26070214,7.342447848,7.291796537000001,7.634980134,8.822795932,8.466579023,7.94253026,11.24817862,9.498494958,9.468947492,12.43674467,11.10239711,6.740481414,6.9957786429999995,7.273593544,6.980383787999999,9.755918141,8.175387217,9.33882189,11.10540647,9.467911575,8.505161385,6.916634075,9.269685886,12.06983933,11.29387802,7.5756025220000005,7.699193664,10.44927444,11.13435773,9.160085104,10.38201482,7.6478647870000005,8.85580186,9.098515192999999,7.8940856539999995,6.7174073420000004,11.25300939,10.71130694,9.936017082000001,11.21123828,10.25760794,7.803143033,7.438476994,9.926897614,11.60018194,8.558744609,9.553641396,10.23306342,6.621675991
10.75115943,12.22809513,7.014848611000001,12.42715351,9.269685886,7.2441288,10.53641741,7.124520153,7.691555954,13.940111199999999,6.733032337999999,10.8868978,11.03315359,6.84622857,10.37001,6.815855091,6.604155199999999,7.714973522999999,12.04059538,9.984374778,12.2053889,7.415723026,9.60557749,7.1849913370000005,7.532266906,8.454623628,7.717792644,11.93767054,10.93057562,10.76291488,11.06330609,11.67309604,12.04713107,7.014052427999999,8.286146549,8.016781538,7.545225201,6.813217648999999,7.503872686,7.557904805,11.05652778,9.956877357,6.808777641,8.683361166000001,7.6571172910000005,11.15033537,9.800079944,7.323994174,7.0462239879999995,7.104218821,12.88291183,7.131087872999999,8.253646991,8.72845654,6.994186363,10.00330583,10.56320148,7.631025357,10.20413977,9.125413215,13.38960707,11.95279417,7.068289387,8.81855574,7.23465425,10.36437335,11.69845749,7.5147203320000004,11.604357499999999,9.789665142,10.69820475,9.870850236,10.64814298,7.280981213,13.47384495,9.212442398,10.60706581,8.722078422000001,9.665306793,7.87396102,7.507419582000001,8.043699136,9.803994699999999,7.367736322000001,7.805766877000001,9.337150362000001,6.687573041,11.01307672,7.252653873,9.678796746,10.33749166,11.48813752,9.786993912,10.67412376,7.070135945,9.363231879,6.929693215,6.774962492,9.380130821,8.839332591
12.81058549,9.527958441000001,12.60923337,10.02556095,11.52754775,10.39770948,7.445093721,7.675455637000001,9.723079881,10.79074196,6.957591394,7.511636338,7.590041768,7.143733547,8.857493123,10.82750288,7.826688815,14.08345105,10.03479006,8.055315926,11.497869699999999,8.589147364,8.546867447999999,8.578789726,9.883559433,10.72364205,10.63914323,12.51351002,11.06330609,9.985647018,10.29197752,10.43070592,10.00758082,6.917351879,8.72845654,9.140960027,9.230403656,7.1294793279999995,9.863341249,7.180578996,8.842746066,9.24055383,13.37890901,10.28586679,9.979485495,10.12488917,9.779349303,9.998543096,7.758400309,7.9261815570000005,13.17550221,12.21313719,7.668008047000001,9.126111111,8.536589923,8.921965845,11.06756326,11.39667715,10.79420119,7.971003625,13.71824738,11.67049547,7.19057599,8.120319688,8.965739886,8.035224397,13.15849488,7.327131597999999,11.69145154,13.67744399,11.38061716,8.667252193,7.230815829,8.283405271,13.06961611,12.15450558,9.443418645,8.294253916,11.93767054,7.683908268,8.031313067000001,8.480965799,8.997292664,10.67221985,10.9016106,9.129155244,7.69406372,12.57598457,9.977014975,11.21735498,11.191389,11.860722099999998,7.5994277079999994,8.995205188,9.302494876,11.99268103,7.578627111,7.0120265029999995,12.60411387,6.9028724960000005
11.475149499999999,13.75614217,7.68588486,12.2053889,9.74069672,7.44118534,8.901022327,7.01558365,8.33654757,12.86353696,6.677913748,9.221970827,10.19932121,6.910279082000001,11.79651465,9.723631999,6.895067254,7.534448068,8.637391981,10.26485303,11.23905222,7.232239835,10.89667217,7.2958252329999995,7.47980978,9.35943831,9.011196222,12.32655748,11.59371473,10.70822817,11.05919851,11.50965886,10.19169928,6.8613935260000005,8.627913452,8.288676427999999,9.134829364,6.767915707999999,9.28217884,7.878760882000001,10.165185000000001,11.0579212,9.888548901,7.658967593,9.317782261,11.06472991,9.267287992,9.428869374,7.788619746,7.269706823,11.57091975,9.247782907000001,8.235935137,7.320083841000001,7.915537969,9.186130189,10.54639525,9.884123406,11.73166775,7.942770755,12.75156761,12.02349038,6.851915833,9.131397507,8.064112469,9.163523189,10.99881817,7.092341556,9.995406809,10.19659465,9.613554875,8.65371439,9.135185944,8.053416882,13.09291718,9.411949211,9.590441867000001,9.435919882,10.72364205,7.924341023999999,7.933442092000001,8.823152497999999,9.238403077000001,8.376532393,8.612236557000001,8.856477991,7.250704083,11.01708298,7.577366865,9.996033553,10.66005007,10.74157508,9.080356457999999,9.764086271,6.9503735010000005,10.39374434,9.002460155,6.8264282110000005,10.14072651,7.358690542000001
8.270920124,9.606034192000001,6.99563927,8.98446042,9.339200488,11.471156800000001,9.280953612000001,9.266064188,12.86994063,9.910652967999999,8.099039249,9.361512461,8.714868526,7.622998697000001,10.45520537,7.4096100389999995,8.581531816,9.955655327,9.651200968,7.440524000000001,9.311982627,7.8785585529999995,7.904915765,7.0540912979999995,8.220007837,8.086432276,12.02038067,8.688066441,8.779777784,9.028571637999999,9.850646271,10.53551741,13.29693169,6.63887559,7.4889085710000005,8.408383273,7.738229615,6.83052196,7.74718913,8.350644981,10.27599105,8.082187102999999,7.532266906,8.312545932999999,8.730672302,9.531729582999999,11.49598381,7.681876119,7.283959626000001,9.43636768,13.07730948,9.489059798,8.835652354,7.397171956,7.702069354,7.93106317,7.965351775,8.889204162999999,10.02364558,9.842145013,11.41871165,10.35797038,7.150297384,7.478465282999999,8.545973188,9.858019686,9.331568366,7.466455185,10.11477571,11.57295112,8.530779682999999,10.21998849,7.050355613,7.849025738,11.74862078,10.52846139,8.682138814,7.934129534,9.255508363999999,8.556562524,7.840095185,10.19169928,7.760062222999999,8.105536093,9.124252,8.639475894,6.986687154,9.891986689,7.082013449,9.846689786,10.35797038,9.43332432,8.714285922,7.504423799,8.366067976,10.45616559,7.241820742000001,6.700657453,9.965587928,6.922547497999999
13.11783582,8.125212128,12.44199075,7.925273859,8.28587461,11.72446907,7.325427027999999,11.21892736,8.154394457,9.418594499,6.96349584,8.820534625,6.985541676,6.799246137000001,8.322823332999999,7.030507339,7.690964649,12.59296546,8.6705473,8.356807156,9.140584538999999,9.088839418,8.758258435,7.19158006,8.82963251,8.473619107000001,7.996627522000001,9.3467442,9.609077651,7.58962956,8.549839169,11.37359996,10.53917054,6.74640436,7.993391326,8.382135087,7.966983442,6.54831826,8.300171658,7.338962521,10.067834,7.244046041,8.163071449,9.571494793,9.823177128,9.58093318,12.24871622,7.417448668,7.194970412999999,10.33978821,14.56328076,8.747181487999999,7.145253189,8.145092777999999,9.409776895,8.724668014,9.219432568,9.742802253999999,11.06055781,10.00086334,13.04548117,11.20665042,6.960981493999999,7.093173548999999,7.2078175170000005,7.177402726,9.350622247999999,8.46628453,10.9342882,12.54444733,9.573242452,7.881004844,6.74640436,9.572807437,12.56556512,11.98965718,8.168243381,7.902802649,12.85012197,8.296469985,9.440297765,10.73434445,7.967651216,9.114556438,8.900325071000001,7.608773362999999,7.177402726,11.86657525,7.727867697000001,9.55734294,10.96025028,10.53827881,9.534038754,7.847639831,7.972191243999999,11.19428619,7.488023438,9.476863275,10.44586406,8.201238809
13.95624997,7.804076126,13.34714206,8.607467800000002,9.261693117,10.566934,6.907796331,11.1329744,7.651291522999999,9.761957953,7.676580761,11.10540647,6.930872401,6.863049524,8.387329264,12.28483565,12.20175755,9.846689786,10.05876629,8.296985628,10.20413977,8.233295484,9.380130821,7.254485446,8.833614965,8.793175882,7.76866728,8.696279183,10.46210014,9.923331852999999,9.874301917999999,11.39140096,10.40339982,6.671592557,7.792775422999999,9.384001282,8.714285922,7.429611885,7.283122186,7.0666139029999995,9.878898619,8.791558905,7.745689681,10.86612373,8.08120123,10.77475152,13.23822132,7.199923032999999,7.429611885,10.44328638,13.60136889,7.275465782,7.510570702000001,8.532197364,9.504347864,9.796251826,8.68680284,10.79519788,9.255928022,9.184979343,13.17550221,12.23225645,7.002284815,7.497673982,9.246551954,7.151479294,10.50101738,9.630037705,10.33349572,10.90655563,9.970960129,8.095410856,6.857803706,9.805691319,13.47384495,11.171434300000001,8.542446603,7.762187244,10.94437965,9.342980266,9.897826334,10.39036132,7.5478488960000005,9.508441222,9.099226326,8.182238625,7.156233957,12.32250968,7.695519269,9.499388344,11.38392641,11.16207683,7.3608183060000005,8.648797586,8.257812797,11.08805157,7.3290437939999995,7.168097599999999,10.87846148,7.202538722000001
11.894884199999998,12.22432397,7.537625085,11.9059177,10.25318684,11.31581428,7.723448587999999,8.944109863,9.094200247,12.07658676,8.381863991,10.44239788,8.669645251,7.234025868,11.66816945,7.545784186000001,8.425468144,10.406797300000001,8.84342439,9.042315298,11.58340152,9.176161573,9.030398586,8.8534724,8.60550023,8.937054489,8.483326352,11.69364373,11.20355732,12.06983933,11.02386888,11.21892736,8.940528502000001,6.744683014,8.486149243,8.039336768,8.131972891,7.1782563129999994,7.28263507,7.489944248,10.77144137,9.331165325,8.950125903,9.10108348,8.301033614,11.17271842,10.69711392,7.764170346,7.272999747,8.346093672,12.48369503,7.291333304,7.748052363999999,8.993413377000001,8.60550023,9.860289309,10.34375775,8.783966793,10.52569218,9.139818836,13.47384495,11.56062141,7.021254337,9.830294084,7.056524400000001,9.295450458,10.77811798,7.919454986,10.37552083,11.19868639,10.58608434,9.90059458,7.890093792999999,8.971364545,12.70833708,10.28287631,9.682392504,9.494038677,10.99241032,7.720280835,9.15298626,9.113423408,8.261874602,8.030262346,8.867685512000001,9.613094095,6.843254695,12.23225645,7.9877901829999995,9.392482082,11.4546516,11.50351171,9.824851114,9.577166882,7.663993304,10.03185955,8.159062427,8.527236862999999,10.90035196,7.769092287
10.527511500000001,9.226062907000001,7.688115832,9.120713511,7.871241829,6.954511415,6.9464496360000005,11.180356199999999,7.250599922999999,10.12285793,6.468965347,9.423557856,9.438124945,6.774666063,8.785626464,9.889070401,9.096109707,9.538754407999999,9.372212851,6.501698798,8.13246371,8.89386424,6.9464496360000005,8.311498695,9.570033117000001,8.06984985,7.045713082000001,9.904142855,8.67349241,10.65104386,8.424871032,9.652144734,11.13845139,6.7089277460000005,7.653531591,7.540382215,8.271441068,7.195967849,8.631704658,7.705840123,11.76866231,8.226120045,6.601311152999999,11.18509764,8.33129457,9.541113736,12.71430856,7.871241829,7.9698447329999995,9.616004449,12.77058313,6.91982173,10.42241756,6.891675604,8.925420753,7.988473911,7.0826702589999995,8.76818739,8.535709619,9.78646051,11.42843677,10.84962286,6.91982173,6.786009885,6.598898117,6.850715514,11.232878999999999,8.575887147000001,9.3467442,11.19428619,8.578465914,9.379720333,6.718777963,10.45191283,11.42491417,11.09804972,8.392850694,8.017797829,11.56477731,7.620847484,9.293049392,11.3949986,7.58962956,9.58093318,9.811759494,8.540927711,7.358951544,10.32478819,6.8998124270000005,10.21933381,11.07141263,10.10297822,6.936323938999999,7.147597103,9.579550186,10.44162723,7.2528665729999995,6.687573041,11.22515663,6.313280411
10.68352579,12.03725283,7.071668234,11.27742037,8.221402125,9.797292599999999,11.16668479,9.019815792000001,9.904142855,11.67049547,8.354501081,10.8928718,7.3040282,6.883838408,11.97366066,7.291456192,10.45861521,10.29050066,8.522042628,8.749364717999999,10.067834,10.38033272,9.323193362,9.966195682999999,8.389483428,9.974619425,9.23204872,10.65504604,11.93191137,11.76375392,11.14875186,11.26091824,9.825372644,6.980433228,10.44080515,10.76820981,8.726574405,8.483638754,8.617692721000001,8.065836969,9.812931107999999,10.0473769,7.07025919,11.91669562,9.830852248,10.33666039,9.916781785,7.28420216,7.735599195,7.606692112999999,11.56279786,7.848125166,11.6322075,9.523194559,7.631025357,9.56162548,9.642860491,10.87208678,11.15319422,8.168742045,13.16611815,11.58130098,6.740277026,8.747500153999999,7.169869107,9.21629953,10.91166936,7.587368381,9.374842882000001,9.886265866,9.441200567000001,9.562565843,8.493240013,7.606692112999999,12.70255304,10.33108029,9.56162548,10.79843917,11.24076564,8.341686267,7.8988363779999995,9.17113385,7.900228402000001,7.4604381889999996,8.755064155,8.703711378,7.354773084,11.28735116,7.553681421,10.81404159,11.20355732,10.7001172,9.143587041,9.197972885,9.049746672000001,10.97535045,6.984245191,7.526212381000001,10.64409779,7.451982811000001
6.957202398,11.51586466,6.693734677,12.21313719,9.633114785,10.18764381,8.815969828,8.358913348,8.05384947,12.7330285,10.37871239,11.29228391,9.672511935,6.841905457,11.00147261,7.706674672999999,7.607216267999999,8.100823145,7.26882744,10.14685231,13.37890901,8.415574931,10.35797038,6.854522545,7.843535822000001,8.553390019,8.554243327,11.79927552,13.16611815,11.27396399,10.96916151,11.80665031,7.745853437999999,6.857723496,9.309869458,8.703711378,8.200961641000001,6.709046811,7.752200048,7.479631591,11.5960159,9.681416318,8.769757268,7.590177689,7.600564943999999,11.91669562,9.329047905,7.729289929,7.08492365,7.896136167000001,11.5960159,8.295899516,7.165690662,9.967451001,7.370647367,11.42284266,10.44677663,9.348943457999999,12.68536163,7.750531597999999,14.33903072,13.17550221,7.448700245,10.70717671,7.420262726,8.602168714,10.33349572,7.113369246,12.34430388,10.61396586,11.64750647,9.946129202,7.6491283789999995,7.439897495,14.06398585,9.257492895,9.970960129,10.183439199999999,11.85776682,7.482395399,7.475268895,7.420262726,9.821519886,7.97406697,7.729289929,10.75327542,7.490289288,10.82750288,7.821385209,9.799506671,11.94090942,11.68198103,9.543312509,10.38791781,7.509685057,9.878898619,8.180443585,7.190055115,8.615154867000001,6.856116301
7.17836119,7.236732712999999,6.788722885,7.474391064,8.349580895,11.35213062,6.985273338,7.605902687,8.443914284,8.89047137,7.55335691,9.117608876,11.32272039,12.636229,10.57266756,10.87086348,6.940186816000001,9.24900904,9.865670033999999,7.013961407999999,10.28053468,7.247829443,7.197051021,7.46971116,9.824277752999999,9.809044505,8.288676427999999,10.8856976,9.648267041,7.62529548,9.996033553,10.37315972,12.39436997,6.915921342000001,14.04336816,7.968610732999999,7.933951306,6.928905647000001,8.323385215,7.00535321,10.51508483,9.351010738,9.235214871,7.527191713,7.74927163,10.15671666,9.10805504,7.141117174,7.217658779,8.337042222000001,10.3652279,7.928991031,7.6616078089999995,8.187789752,7.699663286,8.966111374,9.551794473,9.393373039,9.230845975,10.08881016,12.98464237,11.2675444,6.745823296,8.358403896,7.466288007,8.658622506,9.689492514,7.61722939,9.953734112000001,10.74157508,9.251833495,8.873945426,6.95027882,7.952968648,12.65292908,9.886265866,8.372925991,7.649504212999999,10.26113061,7.268167644,7.76866728,8.476124763,7.233819447,9.176161573,8.839993422000001,8.240309847999999,6.828410836000001,10.12558155,7.771644021,9.682392504,10.52569218,9.594789581,8.908698447999999,8.344433334,10.79519788,9.473238947,7.044203586,6.7559597810000005,8.867318138,6.668537215
11.27082209,11.6236284,11.06330609,11.840788499999999,10.05619275,9.878898619,8.61283884,7.521531668,9.300394943999999,12.91056881,8.643928654,10.61001233,8.548053564,6.819792639,10.56781091,8.798281439,8.867318138,10.4965575,8.312545932999999,9.588570992000001,12.68536163,8.330251675,10.23452646,7.6402819410000005,10.66412821,10.27985077,8.869383026,10.50197282,13.04548117,10.8244056,9.695831886,11.21420903,9.450918229,7.040526162000001,8.756676217,10.07536226,10.13867548,6.822515335,8.585741007000001,7.823148057,9.744420663,11.51776836,8.864499621,8.926811812,9.370945098,12.01106955,10.00384321,7.559547212999999,8.494410925,7.615499017,12.89736215,7.654065571,7.879013836,8.511525264,8.049196579,10.31244297,11.44714564,9.884123406,12.35242234,8.102271734,13.77036306,13.01416274,7.318486902999999,9.831388291,7.980701617999999,8.660541966,10.780374900000002,7.355413989,11.31956007,11.615267300000001,11.42284266,8.369102559,8.963262133999999,7.978159185,13.60136889,10.34297463,9.199101688999999,9.622576152,11.83024481,7.73201426,7.82115643,8.796648202,9.649739206,8.19036018,9.614030112,9.411528113,8.119022027,10.87466614,8.278528273,11.77625536,10.68570484,12.61459353,8.220007837,10.27821843,7.852167225,10.11126253,8.429830563,6.8739012079999995,11.42491417,7.20456501
11.41315588,9.471894759,7.939334782,10.44239788,10.44763545,7.346964505,9.592920987000001,11.03021102,10.29568708,13.420225699999998,11.10978445,11.31581428,8.971737167,9.098884486000001,12.13282353,8.161082087,6.561694376,9.394178691,9.262080532,6.807572622,9.293049392,7.589224392999999,7.594273095,6.97403112,9.391554937,9.712218715,8.577017202999999,9.687470311,8.49834674,11.74154087,10.67719178,10.79300306,10.50719728,6.696721215,8.418021143999999,8.709398206,7.73775012,6.764813027000001,7.615889589,10.91029052,9.571034813999999,9.603775192999999,7.047330031,7.95115716,10.07736684,11.27396399,11.70755953,8.413329131000001,7.6329405889999995,9.085870081,12.85012197,7.653531591,7.503872686,9.775419143999999,8.167140195,9.101861629,7.792124465,9.371794184,8.646629481,10.79420119,12.94667342,12.46030819,8.06166064,8.242438304,7.031279463,10.71651367,11.97666898,7.925035339,10.94552122,10.36602041,9.762516002,8.758557818,8.510415784,8.805097901,13.62537997,9.734455737000001,9.588063064,9.455684083,10.04470212,7.161961606,8.183871083,9.786993912,7.8571133820000005,8.396180742,9.449141673,8.143786609,6.901732619,9.615483917,7.379350427,9.266872276,11.6023883,11.25772185,8.294791873,9.733946864,7.749868322999999,9.119530597,6.796840061,6.915505632,10.44080515,6.812503295
10.47656446,11.67760923,6.668278797999999,11.33141339,7.989919177000001,10.82970597,9.576168102,8.400304986,9.168317295,13.56400931,8.592093263999999,11.67527815,8.053614522,7.099476405,12.48369503,7.708099337,7.401553814,9.7924785,8.434110652000001,10.04795184,11.18193748,8.587257645,10.63488783,7.317374074,7.671221287000001,10.06191901,9.024456719,10.02426604,11.97060974,10.17928874,10.62282845,10.95635249,7.968129182999999,6.533355178,8.728132383,10.00330583,8.180181537000001,6.7903739089999995,7.8938764379999995,8.503094347000001,10.39036132,12.03356225,8.333921887,8.070602335,9.907755178,11.04833045,10.22942344,8.537752846,7.187961812999999,7.664456764,12.34843187,8.481622229,7.352511573999999,9.586308337,7.863323012,10.32641754,9.503080372000001,10.41556436,10.57266756,7.608997499,13.75614217,12.33960384,6.876344756,8.95292894,7.331443683,9.093812573,11.08532442,7.12822386,10.22223422,11.0346455,10.09831056,9.686992116,8.185975804,7.853031142000001,13.69090654,10.37636071,10.15812586,9.435452693,10.90270093,8.70161294,7.81715072,8.135296589,9.578636823,7.803143033,8.265270563,9.306515904,7.197901847000001,11.24236963,7.561016106,9.882394312999999,11.56882816,11.00404958,9.604193246,10.83225802,7.74547119,10.3468479,7.890093792999999,7.815667132000001,9.819325987000001,8.048699342
6.953309391,12.84411813,6.531900195,11.45657101,9.909468334,8.9833516,12.37497829,7.934390303,10.19792834,13.7047334,7.721884762999999,8.571207567,11.47308696,12.90390181,9.683408578,8.817562396,7.219096507000001,9.651656634,8.579436184,9.310307775,11.34690996,8.069103876,9.158194805,8.054799341,8.956705611,10.44420062,9.592424218,9.146755987,9.673085314,10.33349572,12.46030819,12.30508321,9.384881979,6.761971202000001,10.618917,7.394405231,9.072221408999999,6.834712477,8.627613537,7.534448068,13.126010199999998,8.315724848,8.65155459,7.2255970220000005,9.429782718,10.43237745,9.449141673,9.488157062,8.175632452,8.162817085,12.48369503,8.589736262999999,7.121766922999999,8.750930018,8.046519432,8.431837827999999,9.189659074,9.022654248,10.28744344,9.216719885,13.15015465,10.94198062,6.917029232000001,9.162807904,8.483056158,10.27371258,11.76866231,8.04152955,10.65715848,11.03315359,9.498090883,10.62978109,7.782514841,7.6278492589999995,12.87650965,9.898863032000001,11.20523412,10.92294395,10.65400517,7.630456691,7.531385975,7.88456609,10.30933736,8.261042474,7.778577704,9.00457669,8.339539357,10.19591521,7.955098785,8.496677704,9.73139883,9.87374819,9.881810032999999,10.4138948,7.523344431,9.427102777,8.563188521,7.142288529,10.61702585,7.399935641
7.774826400000001,12.636229,7.499211834,10.95385014,8.70812773,7.8483388960000005,8.799620529,10.43574303,7.508978342000001,12.40415068,9.032488189,9.483588759,10.02939589,7.900947931,9.470230106,8.057494247000001,7.09148824,10.58329037,9.101501942999999,7.800326538999999,10.25092428,9.712218715,8.776459402,8.051391243,8.066310028,8.762684979,8.195531223,10.67221985,10.98320157,9.885175455,11.04973661,12.15450558,10.17019151,7.128593813999999,8.076640986000001,9.124252,9.326247082,6.827452966,8.586064132999999,10.566934,11.42284266,10.83225802,7.792775422999999,8.976919759,8.109665519,9.881810032999999,11.07803772,7.871915392000001,8.057990582999999,7.403994097999999,12.97722459,8.590606782,7.11346941,9.032111543,10.15949323,8.74626491,9.680864396,11.12139732,10.92670841,9.030398586,12.1940524,11.11287145,9.894303657,9.73037579,7.16592382,8.329960692,11.37892834,10.14968266,10.03185955,12.42255182,9.978255199,10.63594444,8.446245929,9.924513979,12.36148486,12.08350553,9.489059798,9.989143987,10.82970597,6.895067254,9.965587928,10.80053533,9.253390089,8.453239952999999,9.781627182000001,8.571538724,7.897902426,12.46030819,7.437972394,10.03000102,10.75870002,11.00015902,8.444192565,9.199101688999999,7.815457096,11.43409697,7.958202334,6.928510129,11.43591446,6.692737942999999
10.02556095,9.031832458,6.5902626479999995,10.37954006,10.02298799,7.074226525,8.958165221,8.677524578,8.231811344,11.40583192,9.638872701,9.942629212,9.294251968,6.984445895,11.56062141,7.2551129329999995,6.704084615,10.72988237,7.290048603,9.509466425,10.3652279,9.210050293,9.228883753,7.101419605,8.850440479,9.033162883,7.881449024,10.07863185,9.96916337,12.143702099999999,10.32308717,12.15450558,11.76623653,6.4733158060000004,8.408951967,7.6390990489999995,7.320301338999999,6.835077332999999,7.512495675,9.961913092,11.43034142,10.18137705,7.979536192,7.384219995,8.892197381,10.81519446,10.566934,7.874427237999999,7.052550185,7.358120609,11.90285706,7.122039617,7.040853762999999,7.764383622,7.355551582,9.197557383,8.693184772,7.674039157999999,10.53464596,9.331165325,13.10879175,11.4998155,6.796711509,8.616756518999999,6.957905112000001,8.221402125,10.32478819,7.577366865,9.394588444,10.49111762,9.348943457999999,8.564136462999999,7.001723837,8.184898528,12.81058549,9.664785933,8.310203888,11.15611703,9.743840933,6.887902712000001,7.824689079,8.745953745,7.1325791689999996,8.684935066,8.358403896,8.37550629,6.837867837999999,10.19591521,6.881760581,8.989798726,10.85882007,10.35713984,8.765303065,8.818227561,7.535297883999999,9.211667854,6.911020272999999,7.1249510560000004,9.516030795,7.203963916
7.007010191,9.187763873,6.655366016,8.542159878,8.893539179,11.9115298,6.88982465,8.472730182000001,13.49574623,8.554243327,7.5231616279999995,8.23489305,8.956705611,6.845034404,10.22580432,10.78848906,9.450918229,7.846503659,10.19659465,6.662522202999999,9.103828749,7.896995593,7.831370838,9.769461817,8.360606483,10.3116233,11.74862078,9.928805759,9.772765729,9.28592128,10.13590427,10.76936297,11.12731627,7.120460872000001,8.160305888,8.900325071000001,8.891835022999999,7.135133744,8.856140736,7.225017072000001,9.489059798,9.068197741,9.114922494,9.423131199,8.807368515,9.896032695,9.577166882,9.122273979,8.017320076,8.083678396,10.40251024,7.78444844,9.204114183,8.274343477,7.312162572,8.600672641000001,10.25245569,10.99372792,10.08743874,9.211241086,12.22432397,10.57360388,7.120460872000001,7.014095256,8.874944785,7.68207483,9.246157735,7.084503884,9.424837525,9.549454991000001,8.786336942,8.262666374,7.21308771,8.564136462999999,11.15458354,10.24239791,7.729515054,9.857478448,11.10978445,7.704633833,7.809525524,8.917104952,7.704633833,10.04860076,8.655886856,8.198627672,6.923865283,10.40339982,7.529528872,8.909788938,10.75327542,9.694749467000001,9.108408093,8.184898528,9.902388699,9.898338733,7.673660681,10.57837307,9.537262051,6.684868353
11.34690996,11.3949986,6.571416348,12.18705036,7.143249212000001,9.898338733,12.09074346,10.35713984,10.25831001,12.38503373,8.884962911,11.87491771,9.301632267999999,7.283359588,12.56556512,7.43927558,8.917777101,9.143983002,11.00535443,8.408097487000001,12.39436997,8.439938643,8.87699179,7.141706359,8.57033579,10.55301737,8.76818739,11.786359599999999,12.41283551,11.15033537,11.90876661,11.40415578,10.73202766,6.84468277,10.20633316,8.889204162999999,8.892901441,7.038493394,7.961574757,7.122944402000001,11.31411702,11.94380113,8.866641678999999,8.459865159,8.937793467,12.08721136,9.389000043,7.717425737,7.734755185,8.147070341000001,11.09510197,7.862651025,7.112057096,9.243759404,7.565277163999999,10.9380828,10.71235618,8.849392426,10.10991684,9.262519072,13.75614217,12.96930994,7.943194325,9.276010413,7.134313086000001,8.788939668,11.83831431,7.28852158,10.27298565,10.566934,10.52929969,10.05432491,8.267653719,7.659182067000001,13.58751416,9.418594499,9.032488189,9.512318235,10.97303891,9.030398586,7.607055376,8.555960311,8.975190841,7.9833215829999995,9.067092323999999,9.446559165,7.4078790560000005,11.566778300000001,7.50797669,9.331568366,12.13979876,11.60018194,9.62008551,9.901192528,7.431141376,10.42411172,6.880808059,7.759836554,9.614986498,9.824851114
11.20355732,11.90285706,6.939086874,12.64158126,10.29343382,9.722139576,9.968632779,10.42816327,9.654227037,12.93204053,8.929938094,11.08658128,10.64409779,7.064337678999999,11.00015902,8.592678972,7.27679802,9.503944707,10.51084792,10.25967668,11.721884800000002,8.633183021,10.25032453,9.985647018,7.946810309,9.610058443,8.705927399,9.633114785,11.50155359,11.13845139,10.93689068,12.61459353,10.87208678,6.422811427,9.794112661,8.40087113,9.007423649,7.169721192000001,9.658075073,7.16885879,12.38987038,10.20699528,8.397050595,9.507127017,8.665405802,11.38952264,11.05652778,7.968129182999999,8.131505843,7.384532975,13.30661879,7.621843151,6.871215245,8.276401003,7.58144978,10.16597678,9.617016956,8.265789147000001,10.26873245,10.17494311,13.58751416,12.18360134,6.980433228,9.157401118,6.923276957000001,9.713835289,11.72446907,8.654721606,10.47483904,11.67309604,9.915510519,10.89413465,7.007701621,8.238755741,13.37890901,10.01535162,9.7481064,10.46380127,10.27371258,7.422990675,7.952761818,9.040155326,8.640641615,8.198855963,9.174923342,9.636494548,7.361370293999999,11.25300939,8.127666404,9.538256515,12.02349038,11.171434300000001,8.493811412000001,9.719521016,7.225017072000001,10.60039769,6.991910945,6.97480201,11.52754775,8.08269307
6.978992773,12.37056712,6.713508384,12.38503373,7.003052767000001,8.60398768,8.852826326,8.380438007999999,9.38693715,12.86994063,6.713508384,11.101011999999999,10.19169928,7.174476765,12.95349061,8.505161385,8.553065545,9.576168102,10.94552122,9.980656709,11.99883138,8.375752614,9.896032695,7.243203125,10.29343382,10.16174908,9.426678097,11.52570137,11.35037566,10.60610995,12.39932786,11.82231691,10.12764347,6.824712722999999,8.825181894,9.317782261,9.248212201,6.7269904920000005,8.762684979,7.694446874,11.13560275,9.22645402,8.369679936,8.25056867,8.59920729,11.51776836,9.622576152,8.583286167,8.46279267,8.446768352000001,11.31223086,7.882533692999999,7.720042307999999,9.217868433,7.603435082000001,10.03062663,9.985002612999999,9.219432568,10.72076929,10.05680529,13.78372126,12.30912873,7.80995743,9.294251968,7.054627152,9.614499407,11.14875186,7.451982811000001,11.40415578,11.43965125,10.869609,10.64409779,7.210254281,7.615499017,13.65061161,9.902977128,10.21719481,10.73841471,10.53641741,8.025197262,7.579206566,8.634407453,9.012215016,7.889381091000001,9.302057115,10.36837496,7.947275622,11.46929759,7.753499695,10.55487068,11.66133201,11.2675444,8.980911427,10.15177841,7.600564943999999,10.52391041,7.863323012,8.020269522000001,10.39036132,8.162081009
7.5611962770000005,8.135040746,7.027179827,7.479468767,11.99883138,6.866336985,7.152562464,6.9658246429999995,9.345904628,8.97380299,7.231282812000001,6.841254802000001,8.140451328,7.0918328939999995,7.277586842000001,10.18561218,9.12502286,12.54009283,7.1305336089999996,7.90891472,7.927130742,8.113224461,7.5720041170000005,7.085535246,8.172868433,11.69616408,9.596230158,9.859197163,12.16128267,7.441688366,9.060531576,8.539226756,9.485905111000001,6.66160625,8.921231652000001,7.43427069,11.09954077,6.848123277000001,10.42328905,6.682296666,8.897876414,8.471888756,10.527511500000001,9.156960567999999,7.453286468,8.871031965,10.67923873,10.37394748,10.03062663,7.242154706,13.60136889,9.983746477999999,7.21131885,10.20486343,11.73166775,8.427925089,10.48575232,8.784287902,10.41556436,8.107825767000001,9.596698001,9.202251343,6.728356395,7.553526236000001,9.541560276,8.489491122999999,9.035348732000001,11.74634808,9.709102142,13.20270065,8.467721711,9.051546765,7.137667059,11.27889886,9.961913092,12.76419937,9.649739206,7.845115787,11.35959767,6.827398605,11.32272039,11.69364373,9.842662948,9.819896052,10.10513776,7.187283615,9.261693117,12.67987449,8.04297452,9.101861629,9.101861629,9.678308633,8.422028919,8.28447003,8.68248157,10.01125652,6.808438982,7.152562464,10.27985077,7.3968235
7.158600083,8.11957425,7.174026525,7.350840572,8.696279183,11.49598381,6.980716282,9.669435518,13.34714206,9.576168102,8.69442319,8.230445827999999,7.056362992,6.655819654,10.38201482,7.829800623,7.168560617000001,11.04833045,8.245529834,7.576724927000001,8.981254486000001,8.948394039,7.928529674,10.04171226,7.932003422,9.831388291,10.91551331,8.19292201,10.40089701,8.492367783999999,9.27316246,10.62682507,11.70071846,6.999430464,7.843237577000001,8.218130697000001,8.188560608,6.808394679,8.082467499,10.21719481,10.14968266,8.248193563,8.593871624,8.944109863,8.844463064,9.621617172999999,12.59845037,7.757118514,7.602266964,9.577630808,13.10065145,8.298021978,7.693397263,8.375752614,10.53551741,8.397559896,9.751215782000001,11.01831698,9.96431572,9.457481324,12.55534555,10.203394300000001,6.846341871,7.361081927000001,8.016296492999999,7.282259777999999,10.42411172,9.853416503,9.816096311,11.47899071,9.777677873,8.68429713,6.84093005,10.66305812,11.36480729,11.171434300000001,8.180733275,7.749868322999999,11.18509764,7.831581044,10.26113061,10.84718497,8.475848076,9.550356138,8.800652805,7.282259777999999,7.250299924,12.55001354,8.786336942,9.230403656,10.82308287,11.08384413,8.350364781,7.70477978,9.534511506,10.32792624,7.576724927000001,7.039912602,10.71130694,6.990390698
11.37359996,12.47416214,11.40934303,11.97666898,11.08532442,11.71714399,7.476598349,7.874660986,7.90891472,12.58721708,9.389451957999999,10.20218627,9.177278857000001,6.79172306,10.49920162,6.844499094,7.144641481,8.182238625,8.760753968,9.314995752,9.76085247,8.177117995,9.449581387,7.66340051,8.457460878,8.98517652,7.767139843,8.524452256,11.11851039,10.55015474,8.458984274,10.19103165,9.553641396,6.677723643999999,7.757811812000001,7.841214588,7.5367497729999995,6.825046907000001,6.97044349,7.743712642999999,10.61001233,9.536442327,7.1762823760000005,9.76728818,8.68248157,9.946716937,11.37183124,7.557375266,6.958403067000001,6.861778782999999,12.77699278,6.8682576829999995,8.469402673,8.805097901,8.455160325,8.9628791,8.735060069,8.456305512,10.11340473,9.480422538,13.04548117,10.75115943,7.033385203,9.494038677,9.559335947000001,8.407208371,10.83225802,7.4963496570000006,9.179189737,11.86657525,9.097877746,9.102239351,8.382698249,8.876314902999999,11.76623653,10.67616036,10.27675294,9.688434396,10.04984963,6.775640106,8.695964429,9.577630808,7.026211196,7.4945958710000005,9.113793563,7.984338915,6.922547497999999,11.56477731,8.310981441000001,8.826200218,10.71536522,10.27009245,9.037184298,9.587594627,7.328608547999999,10.18274808,7.082465795,8.288936971,9.851242121,7.96274887
6.892813858999999,10.59269565,7.028555095,11.13984525,9.383135725,7.986008302999999,7.345142922000001,7.790868063,8.55719692,12.42715351,12.39932786,9.631062709,8.744390462,6.792274471,10.31569131,7.763527591,7.952087496,8.445061489,8.218130697000001,9.221970827,10.01125652,7.686708005,9.729361256,7.404122332000001,9.605135188,8.940902566,8.598346751000001,9.977014975,11.08943916,11.79388302,10.26873245,10.70209104,9.725182637,6.795489302000001,8.000243033,7.696959594,9.470230106,6.834417535,7.607216267999999,9.460664366,12.70255304,9.791337802000001,9.458364605,7.96578295,8.895179217,10.16597678,11.01307672,7.558096655,8.154897917000001,7.446926932,12.08721136,7.341013092000001,7.455315736,8.132949446,8.73413231,8.857825798,9.420886689,9.206066264,9.763604381,11.05113529,11.9196025,10.99109012,9.534511506,9.777145061,6.889761505,9.438124945,11.29548102,8.240818521,9.156960567999999,11.21892736,9.28544666,9.923878438,7.080192352,9.10613247,12.09369499,9.935431027,11.81715009,10.42241756,10.39036132,7.215211205,9.250605767,9.474666986,8.721180683,7.950676808,8.907006593,8.454332054,7.314679817999999,11.33296211,8.157515884,9.753868811,10.37240144,10.60039769,8.540927711,8.741743636,7.638342465,9.933579899,6.8255022929999996,7.183800582000001,9.966195682999999,6.708789955
11.20523412,12.47416214,11.15319422,12.27657453,11.03315359,8.351155874,12.26510211,11.27551483,10.04348962,12.70833708,8.157782436,11.46201879,8.180181537000001,6.800548391,11.6236284,8.715183074,7.669624301,11.0346455,11.22988916,9.55734294,11.79927552,9.193978711,9.381403642999999,7.59206403,12.86353696,9.73037579,9.944345833,10.09965657,11.67309604,11.56062141,12.05716816,10.12910517,10.93689068,6.646356223,11.53542046,10.10991684,11.47704234,6.794739206,8.206680209,7.210254281,11.70755953,11.06330609,9.686017456,9.055716628999999,9.755434872999999,11.69616408,10.43322856,8.311498695,11.27246617,8.665130456,12.44199075,8.013419425,7.091099739,10.31789229,7.194056012999999,10.4603006,9.475542173,8.93490292,9.974619425,9.013677564,13.82750007,12.46520849,8.981254486000001,8.965739886,7.1350512870000005,10.10095296,11.50559146,7.265539212999999,11.43212874,11.56279786,11.37539419,10.63179151,9.00134375,7.384386947,13.31660607,10.78265966,10.37552083,9.218670901,11.36308206,8.387912227000001,7.560825411000001,8.885625244,9.153758400000001,9.746498908,10.84718497,8.359465235,10.07863185,10.98320157,7.828706525,9.429782718,12.52938013,11.41673916,10.34056247,10.86856385,8.476414517,10.76936297,6.829002096,7.21418546,11.02624129,9.326247082
7.140373201,11.74154087,6.583987508,12.63100527,8.200402961,7.6131366279999995,7.850576541000001,8.401122163,10.12142873,12.85012197,9.339683841,10.83452398,11.70989768,6.954476651,12.4318736,9.11037783,6.715625123,10.85424965,10.37240144,10.21860529,11.98327581,8.369679936,9.829775032,6.883443627999999,9.229687895,10.64814298,8.894498569,10.15104064,10.32641754,11.73903869,11.38569868,11.76375392,9.201872537,6.811468056,10.76082074,9.351010738,8.505453654,6.8252774039999995,9.346343114,7.265813866,11.32454723,11.16988837,9.580522445,7.714356997,8.913544491,11.9228972,9.615483917,8.626085105,8.156547628,8.251343816,12.04059538,8.415030079,6.983648671,8.798952014,7.335289803999999,11.3771776,11.14730911,8.306841431,11.62820626,8.586974835,14.56328076,13.02975424,8.739472827,9.78859608,7.46395758,8.625193402999999,11.32115849,8.135040746,11.30877376,11.01058096,10.83687662,8.586358526,6.609462255,7.450378955,13.84304746,9.499863889,9.656128289,10.62877394,11.2675444,8.811666131,7.596384154,8.711697543,10.10576408,8.423700957000001,8.57033579,8.374349336,7.106490331,10.93306927,7.859889496,11.01708298,13.25699948,11.95279417,9.607520921,10.80277527,7.939334782,9.729361256,7.651111444,7.177326647999999,8.910483861,6.795865048
7.481033758,11.4415547,7.130724774,12.34843187,9.7481064,10.77144137,10.06191901,7.817364958,11.40934303,12.02038067,10.42731429,9.260445062999999,7.938868078,6.922991228,10.566934,11.20977661,8.930668509,9.705623399,8.638578656,7.841649782999999,10.84368067,10.16379877,8.026401872000001,7.6480929810000005,8.932823899,10.45278549,9.345073564,10.63379112,10.36207832,10.23733936,11.02099156,12.69099716,11.77381646,6.756837214,8.352557254,8.161082087,8.988740348,10.77928222,10.86856385,10.23242541,9.661657568999999,7.902802649,9.122673022,9.374842882000001,8.869738924,10.26335977,9.918619806,8.821874738,7.9764275520000005,8.659601932000001,11.85467015,8.311752777,7.385991709,8.856477991,8.162081009,9.102239351,9.994678274,9.595264773,10.58703706,9.520149755,12.42255182,11.00264305,9.029672224,9.282985744,7.8780926,8.624876541,10.84257001,7.555229057000001,10.1503362,10.46647232,10.25623102,10.24959732,7.299009295,8.28587461,12.30912873,10.17152051,9.146755987,10.84718497,11.47899071,7.381566015,8.532499893999999,8.81529023,8.800652805,9.027056607,10.28128478,9.000250807999999,7.475767525,10.90270093,7.607788171,9.519729326,10.42328905,11.44332235,8.017797829,8.491208541,8.02880788,9.260854812,7.741322742,10.34772063,10.47225787,8.392285576
7.054627152,10.60804178,6.967336379,11.32630273,11.61956724,10.72364205,10.62682507,8.087420076,7.542287011,12.54444733,7.27690162,11.29228391,7.78208184,6.854016341,12.16128267,8.67411844,9.348050473999999,9.96431572,9.289635346,8.443914284,11.31778037,8.495563057,8.454071467,7.120852016000001,7.674242624,8.338180562,11.285671800000001,9.90059458,10.16875342,10.40754051,9.287568256,10.18764381,10.18206806,6.579585718,8.452149909,8.151557046,8.488911181,7.021254337,7.4995507429999995,7.558096655,9.946129202,9.533588676,7.559547212999999,9.884661332,7.437792517,10.99629972,11.23450773,7.44118534,8.185132156,7.846503659,12.64158126,7.3608183060000005,7.6387287839999995,9.877259052000001,9.957581464,10.39374434,8.596807232,9.797292599999999,10.36437335,10.55487068,12.92428736,12.44705701,7.40303007,9.228142188,7.392934196000001,9.59383915,10.97916313,8.451603466,11.15611703,12.20939865,10.48575232,10.02364558,7.835623877000001,9.812931107999999,13.126010199999998,12.37056712,10.25178061,9.086973405,10.91029052,6.696589607999999,9.777145061,9.814003593999999,9.206477704,8.383995597,9.229687895,8.968988397,8.057494247000001,11.16668479,7.9479872789999995,9.485424381,11.86657525,11.02624129,8.689461419,9.902388699,7.683719054,10.71235618,8.222196785,8.335420992000001,10.89413465,7.5720041170000005
7.287024617,12.97722459,6.733120723,11.750960899999999,11.50155359,7.007997435,10.34606141,7.367057322000001,8.075414885,12.31829127,11.60018194,9.324976483,12.08721136,10.55945935,10.8868978,8.314884685,6.763206499,11.16061927,8.983054806,9.323635247999999,10.21231131,9.582266494,9.32116009,6.94861651,9.547048803,8.966895081,8.14275137,8.659601932000001,10.36763782,10.52660291,11.88932827,12.40858656,9.854581793,6.514184647,9.802894168,7.157205916000001,8.690996408,6.551761187,9.186511334,8.44567142,12.7456099,9.008577271,8.561746805,8.695348658,8.683985609,10.14685231,11.68198103,8.647230095,7.941660167999999,7.2462745989999995,13.41061325,7.885944188,7.137515756,8.185975804,9.368768832999999,9.053082583,9.506224028,8.846806984,10.11340473,10.38960311,12.62515228,10.44763545,7.401656335,10.12142873,7.135947071,9.563994596,12.0800659,9.323193362,9.678308633,12.15450558,9.187763873,10.21370347,8.281247208,9.953129286,11.63014786,11.86657525,10.96025028,9.858590099,10.80835123,6.743571532000001,9.773805887,10.43153396,8.433851898,8.479200195,9.096822811000001,8.835300601,7.2973823520000005,12.09731119,8.107825767000001,10.00641663,11.28909988,10.15313468,10.73434445,9.246551954,7.472382232,10.4965575,8.44567142,7.023567457,11.12878981,6.569263424
9.28255203,13.51730952,6.812879857,12.26883224,7.965121573999999,11.17566333,8.875958686,6.752829552000001,11.06472991,13.1937799,8.616756518999999,6.846870668999999,10.23733936,6.905311311,10.9678422,9.075127059,7.092197995,8.508356393,8.377937467,9.084780812,8.817562396,7.837653484,9.081077783,6.93189198,7.289034474,13.06961611,9.827201011,12.78333657,11.40225929,11.27889886,11.73903869,12.58721708,11.08384413,9.223165663,10.39454238,8.482229627999999,9.059034844,6.98508854,10.60706581,7.767796993999999,11.57509596,11.46021514,9.243759404,8.442202402000001,10.60906675,9.320740748,9.238797952,9.786993912,8.104513131000001,8.617963217,10.9778232,8.598346751000001,7.306812089,9.534038754,6.929540455,7.97197675,10.02698368,8.831248237,12.0268506,7.59130621,11.46390789,9.72006438,7.962945788,9.428494374,7.429262951,9.203368511,12.34843187,6.9164653970000005,9.485424381,9.643363835,8.855078066,8.747500153999999,7.979053426,7.42505298,11.02624129,8.549551395,9.636494548,9.574207221,9.508018095,7.094779527999999,7.6237753260000005,7.919454986,10.07863185,9.169500232999999,7.919454986,8.425468144,7.29594885,9.499863889,8.135296589,9.562100167,9.58311009,9.257885963,9.020857448,10.62576781,7.454332362000001,8.234337126,10.07597377,8.301799357,10.03544188,8.040077072999999
10.85310883,11.86657525,6.736247569,11.39140096,11.97366066,6.909984525,13.32647376,7.169953272000001,8.648495247,12.96142433,6.794238527999999,10.27154462,7.53315368,6.773300135,10.80506066,7.839440027,6.972219607,9.668952237000001,9.266872276,9.305779267,11.23748465,13.78372126,9.168714946,7.219886578,8.355631615,9.67728167,8.804380352999999,10.46296119,9.101501942999999,10.87721866,11.721884800000002,11.73669764,10.25178061,7.130056968,9.126860068,8.102748064,9.572807437,6.873673588,10.53551741,7.39334589,11.72446907,10.33666039,8.291704982,7.921769946,8.339278461000001,10.65014803,9.829775032,7.936266463,8.889492749,7.134540207000001,13.07730948,8.050146246,9.451355256,8.083413055,7.440807842999999,9.595729066,8.959934106,9.504772795,10.97535045,7.670211198,12.7456099,11.46201879,7.135450823999999,8.879007645,7.090482859,10.59851199,11.09954077,6.911138477000001,10.9678422,11.41122205,10.23008554,11.33471131,8.221402125,7.314020785,12.82391782,10.71032648,10.005144,11.6023883,9.17113385,7.476598349,7.476598349,8.247070755,10.68995871,7.992963845,9.060155388,9.188509157,9.115267824,10.60906675,7.304401779,9.16238932,9.896626832,10.19372552,11.19575503,9.272734494,7.092341556,9.977661707000001,9.050468245,6.932703664,10.2694199,8.043220225
6.935246264,11.26252303,6.75833046,11.83281838,9.236029847000001,10.38110301,9.466662259,6.979262236,10.61196481,11.85467015,6.5836673470000004,9.254670861000001,8.950125903,7.174752118,12.85721437,8.378220187,7.947275622,7.613527187000001,10.01660487,7.80745675,11.20039764,9.085870081,8.265789147000001,9.912507678999999,9.362379124,11.9115298,10.86735711,11.73166775,11.76866231,10.61396586,10.61294845,10.87846148,10.60610995,7.140468418999999,9.182657445,9.144369007,8.005831816,6.803704764,9.091488027,7.522074748,9.670486329,9.914966769,8.541574515,7.762894015,10.47225787,11.32977503,9.445653664,9.104224448,7.421193682999999,8.614352675,11.67527815,8.572673609,8.720289733,9.516030795,8.430107766,9.67728167,10.47656446,10.41556436,10.33108029,7.393804278999999,12.69654377,12.67987449,7.140468418999999,8.891108099999999,9.079225222,9.393777484,10.45861521,8.660246782,11.60018194,10.87326764,11.471156800000001,8.957054535,8.128411566,8.605203458,13.31660607,10.10095296,9.238043304,9.584585517999999,11.79651465,7.587368381,8.25056867,9.136357523,9.098515192999999,9.058248257,8.579769001,8.882526887000001,7.206683025,10.15522526,10.12423462,9.249823108,10.42156264,11.41673916,9.345904628,9.77598924,9.374842882000001,8.650319292999999,8.125708456,7.467823857000001,9.949882477000001,6.917737083
11.23134203,12.09074346,7.433346446,12.46994198,10.03608649,7.750734049,10.58608434,7.116889059,8.525022797,13.50572504,10.46889932,10.06004086,9.692678459,7.523695063,12.23611709,8.382135087,7.2854825839999995,7.959904345,7.632729337000001,9.620617355,12.36600378,7.458009061,9.823177128,7.450072238,9.882394312999999,9.761435772,8.986317748,9.374421992,12.60411387,11.50351171,11.82231691,10.80835123,9.07148945,6.684389757000001,9.655658063999999,9.290952335,7.967416536,6.868289627,8.738817778,8.346615332,10.48843398,11.13560275,8.488339541,7.8779059270000005,9.085134881,11.69145154,9.851242121,8.735675844,7.360536889,7.54194664,11.55831726,8.447676898,7.2005195660000005,9.31370757,7.323743252000001,10.06850947,10.29117748,10.02756933,10.96655694,7.71352537,13.02975424,12.35699773,6.903090159,9.644255127000001,7.007997435,9.409776895,11.68645999,7.308219579,11.38229878,11.36666977,10.693893300000001,9.840416492000001,7.7805587,7.549937046,13.60136889,10.0961591,9.068593367,9.889677187,10.52212579,7.352659189,7.647284469,8.101309334,9.235640112999999,8.900325071000001,8.5513523,9.548512435,7.291796537000001,10.61094288,7.692959227999999,10.11552098,10.23452646,11.16988837,9.290103734,11.15458354,7.650923716,9.444314299,7.430830997,6.890671523,9.780452008,7.056066861000001
10.41808618,11.83281838,10.35172153,12.44199075,9.040838589,8.426005822,10.02489901,8.731580191,11.23450773,12.82998084,8.050650217000001,11.02250078,10.06645086,7.127383274,12.62000801,9.000250807999999,8.207190224,9.90059458,8.349580895,9.917449807,12.40415068,9.383589983,9.535509557000001,7.717425737,8.723430362,11.305547599999999,9.459758045,10.3055275,12.23225645,11.75613984,11.2496996,10.99372792,9.822009969,7.141583087999999,9.86088836,8.643064371,9.129912898999999,6.857723496,8.809987844,8.590903955,11.09804972,11.12580835,8.196330301,7.895697812000001,9.794674578,12.46030819,10.11410767,9.831930836,8.726909582000001,8.503428685,11.74862078,8.232327607,8.088627062,9.156558495,8.018021835,10.42241756,9.713281877,8.744732208,10.95385014,8.84342439,13.55224073,12.90390181,7.246085711,8.831607482,8.006597722999999,9.326629854,10.940544000000001,8.534550838,11.3949986,11.60647604,10.86856385,10.42068761,9.210050293,8.41610559,13.57551766,10.36207832,10.62384692,9.383589983,10.69917385,7.928745557999999,8.233798217999999,9.594330685,8.682138814,9.08442571,9.065639413,10.68234709,8.151557046,10.20916635,7.749661946,11.05243218,11.57091975,11.33296211,8.753490089,10.06254416,7.871027757999999,8.998751466,7.248949677000001,7.303795038,10.57452519,7.832712324
11.17566333,12.42715351,6.561965809,11.52570137,8.013419425,6.917280117000001,7.5707056370000005,11.92606798,9.210050293,12.09731119,8.052392709,11.48093452,10.7001172,6.920169691,14.31166121,10.27232587,6.801938415,11.17271842,9.243759404,9.104993412999999,12.01106955,8.870056367,9.208459931,7.720042307999999,8.221402125,9.902388699,10.15949323,10.38288955,9.329873699,11.69364373,11.04706176,11.07536852,10.46969026,6.866469839,9.501717183,8.064359927,8.796648202,6.79569679,9.422721109,9.43502811,11.75613984,9.197972885,9.547048803,8.127666404,9.16086096,12.28483565,10.21445382,10.55663674,8.289723298,6.900575384,11.72926729,9.821519886,10.06384269,8.756676217,7.88573021,10.18835774,9.884661332,9.35261084,9.841601708999999,8.827901308,13.87558548,12.24871622,8.834630576,8.992305737,8.51210809,10.00086334,11.66133201,7.497533396000001,11.07265858,12.30912873,10.65504604,11.07962712,7.810664673,7.965351775,13.23822132,10.93933964,10.74363765,9.764671392,10.61790753,7.968872502000001,7.736917732999999,9.236854826,7.855527929,8.874262979,10.06645086,10.55487068,7.697152892,10.90397333,6.882308559,10.240292199999999,12.504059800000002,10.92048518,9.761435772,9.140960027,7.911003292,10.46467226,8.023934978,7.648483105,11.19575503,7.0537727960000005
12.46994198,7.898363811,6.690921229,7.804285911,11.31223086,7.76933095,7.553146237000001,7.313179382,8.61404647,10.30848452,6.7258754110000005,7.94824997,8.435722173,6.942352752000001,11.497869699999999,8.59358355,9.193594161,10.48063214,8.345772868,8.627313719,10.0612897,9.19325996,8.72783441,7.71332832,7.395059595,9.828755973,8.751569982000001,10.61396586,10.02364558,9.813466766,12.12930028,10.78964653,11.70755953,6.696938648,8.76690522,6.9472731539999995,8.659915031,6.845272576,8.036918217,10.05619275,10.84962286,6.820612722000001,7.94824997,9.077805845,8.576458597,10.15313468,12.23611709,9.232822503,8.50189829,7.486873698999999,13.84304746,8.142982635,9.392482082,8.609875196,10.40423448,8.21110736,9.261693117,8.795192634,9.320740748,10.60610995,12.33103036,9.971528037999999,9.411133937999999,9.051217684,9.345073564,9.412418446,11.73402616,11.42491417,10.045334800000001,12.75156761,10.18411852,10.06322188,9.250605767,10.38033272,10.63914323,12.38503373,11.22209299,8.98517652,10.72877653,6.855874837999999,10.44162723,11.60877493,8.022477116000001,9.245338542,9.716508592,8.720289733,7.180044066000001,12.48369503,7.197426597000001,9.520545074,10.93057562,10.7216892,8.606884973,8.242157309,8.068599634,10.60221681,7.029125845,7.054217072999999,11.90046135,6.6286478120000005
6.707432647,7.498897062999999,6.679398416000001,8.31408473,7.322538862,11.19286406,7.304296477,7.348556266,10.14685231,7.190055115,6.822702723,7.593887324,7.603435082000001,6.990579467000001,7.895902992999999,7.566006453,8.306047109,10.54101745,8.443914284,6.42408903,7.828936297,7.275069107999999,6.909334436,7.282974284,8.532810371,7.554261955,8.962549897,9.463906818,8.805421382999999,6.952239919,8.218130697000001,10.06322188,11.96130418,7.071115874,7.286851069,7.844879392999999,8.276150508999999,6.788013161,8.753490089,7.219972379,10.85882007,9.436790135,8.441022247000001,7.6390990489999995,7.430830997,8.522621179,10.5142362,7.779880724,7.536201763999999,7.694446874,11.85467015,10.03789695,8.896240281,7.390560625,7.546528202,7.509499497999999,8.188560608,10.50719728,9.57664585,10.20842245,10.35870711,9.075903523,6.79946409,7.336470337000001,8.252134191,8.696598538,7.867197393,7.219096507000001,9.417790623,9.582678195,8.054079595,8.408097487000001,6.906349437,8.627313719,10.69501215,9.523670467,7.833823928999999,7.3212561979999995,8.37849391,6.911194906,7.592569988999999,7.9541738870000005,10.40251024,9.705044393,8.502218044,7.387051078,7.439412122999999,9.678308633,7.98236662,9.699888643,9.204529721,8.661459716,9.4293394,8.659915031,9.377934019,9.054194738,6.901732619,6.7094658229999995,8.830911704,6.941759802999999
10.82643664,11.11433986,7.381566015,10.92418886,9.485424381,6.614732869,13.60136889,8.013883827,9.281396609,11.87216574,9.23204872,9.564931728,10.48063214,6.882261341,12.81058549,8.705927399,7.279468277,10.29788647,11.64995174,9.574207221,11.89230454,8.353920791,9.659109887,7.763955016000001,10.15451946,10.26410412,9.287996696,9.613554875,10.32158593,10.11944833,11.96130418,11.40415578,10.9778232,6.740189968999999,9.111500329,8.19992767,7.920116844,6.914611523,8.640902152,7.14098579,11.55444033,9.855157792,8.31358179,8.761090859,10.05748267,11.6236284,9.975158344,9.028191672,7.619737742000001,9.087738177,12.01720741,7.711465699,7.268963299,10.25245569,8.525625581,9.68650261,9.297505174,8.978698687,9.374842882000001,8.768488569,13.10065145,11.00912928,8.636774497000001,9.481344856,7.795278504,8.303659205,10.67923873,8.383995597,10.84838829,12.37056712,10.85195005,10.64003562,8.450487655,8.550724717000001,12.08721136,10.61790753,10.20218627,7.967651216,10.46467226,6.695212507999999,8.456605292,9.461566357,8.604661087,8.806102001000001,9.400633962999999,10.3351125,7.0182747160000005,10.81404159,6.959460425,9.267705077999999,11.471156800000001,10.89912901,9.73547537,9.829775032,8.340666203,9.10613247,6.82286781,6.742645763,11.01708298,7.395648464
10.98847623,11.94982824,6.589000307,13.09291718,8.677838857000001,7.942122307999999,11.14114454,7.3040282,11.38229878,12.26070214,9.650696397,7.439135228,10.48309283,7.007677077,9.778778894,12.92428736,6.805570745,9.470642083,11.86938041,9.616004449,9.308612852000001,10.46730935,9.435919882,7.039977587999999,8.169521211000001,11.92890918,8.478913289,12.30096058,11.750960899999999,11.77625536,12.24871622,13.02195037,9.771153314,7.045917137000001,12.05378871,9.827704445,8.929603886,8.286146549,11.171434300000001,8.040077072999999,11.90876661,11.60018194,9.416390612999999,8.368536175,10.32947295,9.851242121,10.17152051,9.600493828,8.577293066000001,9.236436099999999,11.73166775,8.75978148,10.49296798,10.21719481,7.782294601,8.257053589,10.09214069,9.090736994,12.34430388,8.769455873,12.40858656,9.86088836,11.08229177,9.834299984,8.595311395,9.616004449,11.6236284,7.926660134,9.939561933,10.89170525,9.335396394,9.224401534,8.559664891,8.067818467,11.48639,9.272734494,10.07736684,10.36602041,10.66305812,8.185381765,7.460914122,8.666667337,9.666909303999999,9.605135188,8.058737422,8.71713408,7.963235786,10.17227529,7.729114439,13.38960707,10.52300116,9.796773778,9.07148945,10.05307236,7.591891011,8.412236323,9.556384957999999,7.511250607000001,10.59464402,7.344724846
12.35242234,12.47416214,11.74862078,12.84411813,10.12558155,6.6970826820000005,11.28398994,7.070771758999999,9.39932037,12.33497957,8.822795932,8.141993466,9.802894168,9.47105946,11.49008572,10.07475584,7.397320727,9.704471997999999,11.37892834,10.46889932,10.92418886,8.877708673999999,10.29939277,7.312691373,7.40456061,11.01708298,10.20998215,12.15090446,10.47483904,11.70071846,11.4546516,12.05378871,10.73950086,6.863976666,9.288409742999999,9.885747268,10.10373981,6.775082341,10.00758082,7.2005195660000005,10.8856976,9.360732356,9.359840044,7.768854775,8.980552441,10.11198025,10.283613800000001,10.42241756,9.719521016,8.524452256,12.55001354,9.340500609,7.43621268,8.641225109,9.751215782000001,8.560001442999999,9.973400671,9.162807904,11.398512599999998,8.097628742000001,12.13282353,10.79950092,7.485018752999999,10.06384269,8.550724717000001,9.298329602999999,10.95385014,8.664556281,10.63914323,11.16511477,10.61702585,11.180356199999999,9.077435852999999,9.523670467,12.14735243,11.14418392,10.78603417,9.722638947,10.51860459,7.068748295,9.242172255,9.674647881,9.719034492999999,9.074056886000001,11.64522638,9.35261084,8.891448388999999,11.40934303,7.5940661270000005,10.34772063,10.43070592,10.89912901,9.481773443,9.887406164,7.891274853,9.264138829,8.582963031,6.892431994,10.33181152,7.410749291
7.074857624,8.267653719,7.10973938,9.21629953,10.51256676,12.36148486,7.252007508999999,12.45160746,9.27893439,9.828755973,6.703654608,12.16501667,7.642235165,6.539910969,10.78265966,7.089767284,9.934846822999999,9.774875459,9.186511334,6.924221799,11.87216574,10.10450072,7.481758677,10.03426259,8.468850387,8.850799297,10.43322856,9.905957504,8.970728098,9.055327481,9.749639489,10.45191283,12.73944103,7.060886621,8.914239713999999,9.202655405,7.29618436,6.602075431,7.470026399,7.278036692000001,8.553671019,11.01307672,7.138830978,9.880064746,8.749683382,11.28398994,11.78886364,7.225819767000001,6.581110334,9.322048002999999,13.33675624,7.31412913,8.141717322,9.96490782,8.280981288,11.11433986,10.15812586,10.84152919,9.308612852000001,9.489522848,13.87558548,12.77699278,6.8575579179999995,7.178795997999999,7.913075195,7.229929006,10.00211853,8.519976796,10.81851032,10.81404159,10.89543245,8.479490182000001,6.909402344,8.702233977,13.51730952,11.17871411,8.776123395,9.160085104,13.02975424,9.7924785,8.761736721,10.14685231,7.700278317,8.783966793,9.339200488,9.681416318,6.789043296,12.52938013,7.984098629,9.663275929,12.54009283,11.94090942,8.130503431000001,9.037184298,9.855157792,11.42843677,7.939781225,6.81634044,10.52846139,6.662162531
12.12930028,10.88103096,8.388955453,9.769997863,10.26258346,9.619099907,8.889492749,8.937408578,10.93933964,11.46730001,6.702427938,10.29117748,7.802204432999999,7.598298289,10.63914323,10.64709865,7.313739013999999,12.90390181,9.970960129,6.738221611,10.13185881,7.9555375370000005,7.054692247,9.146354662,9.318689867,11.9641437,10.2388163,11.82780244,10.32308717,9.971528037999999,10.74469453,9.919775167000001,10.7363299,9.058248257,8.790875493,9.211667854,8.966895081,6.847070897,10.40251024,6.982892124,8.81949753,9.835402651,12.04713107,9.545631905,10.282051300000001,11.58755287,10.72764719,9.992822709,8.796993033,8.018500981,12.70255304,11.75352099,8.223459494,9.050844048,8.436870247,9.082626094,9.102588786,11.35573354,9.157819338,7.865637501,13.23822132,12.52384585,7.141174501,8.047048063,9.566774697,8.90276747,13.44100633,9.268849276000001,12.04377355,12.95349061,11.12731627,8.968651256000001,8.221632519,9.022654248,13.891404099999999,12.143702099999999,9.188112587,7.939106635,11.786359599999999,7.082229731,8.397285102,10.28898962,8.762684979,11.94380113,11.86938041,8.005831816,7.844879392999999,11.83281838,9.068593367,10.54639525,11.60647604,12.09731119,8.090144857,9.503944707,9.350622247999999,11.17871411,7.500029367000001,7.02513602,13.32647376,7.2420599779999995
11.31411702,7.663993304,6.627108312000001,9.346343114,8.1032603,10.32478819,7.119387059,12.38503373,9.992161516,10.83225802,8.807697787,12.01106955,8.610432271,8.835652354,12.82391782,9.10341743,10.57631528,10.5212339,8.489759064,8.359192202000001,11.74154087,8.551630978,8.417746037,8.832616082000001,9.297505174,8.915655202,9.230007009,9.774344249,10.06571153,9.875375932999999,9.159705127999999,8.556850089,11.37892834,6.848015032,8.586358526,8.716805003,7.899529567,8.126691866,7.982849262,8.192423616000001,10.77928222,9.526484438999999,11.01959767,9.864556391,9.140960027,12.20175755,11.44522313,8.412553115,7.360922617999999,8.743004491,12.97722459,9.270144124,8.361431528999999,9.689984411000001,8.599519301,10.62877394,9.860289309,9.126860068,9.639393966,9.882394312999999,14.63491968,12.45160746,7.1401474910000005,7.800554286000001,7.259150697999999,8.161792435,9.628059947999999,7.607788171,10.69189055,11.3771776,10.91922609,9.722638947,6.8605108679999995,8.533114972,13.663902400000001,10.95272902,10.18137705,9.093026117,13.3679068,8.953568644,8.54043028,9.15298626,7.413838267999999,8.197618198999999,9.644781121,10.34857916,7.167408181,11.232878999999999,7.539807087000001,8.783966793,12.53482304,11.52570137,7.896353512999999,9.571034813999999,8.803707503,10.51174937,7.164983104,7.961315532,10.69501215,9.306162331
10.52846139,12.96930994,10.79950092,11.70071846,9.695831886,7.5060539429999995,12.46520849,6.964214212000001,9.548979148999999,13.01416274,10.39036132,8.302056797999999,11.60018194,8.298592675,9.654708702999999,7.200597292,6.742820616,9.067846671,11.77625536,9.10341743,9.162807904,8.108371115,8.65897931,7.027883939,8.988041423,10.24884129,7.8483388960000005,10.971667199999999,9.324551308,11.08532442,14.87212264,12.03725283,9.117608876,6.609462255,8.860956266,6.965017425,10.02171095,6.797517663,9.943200803,7.172166707000001,9.81666799,9.293863188,7.767139843,7.214518215,7.609942017000001,9.293049392,9.551332822000001,7.76198163,9.077805845,7.392934196000001,12.46994198,7.137515756,10.52569218,8.261042474,6.849816366000001,7.830475032000001,8.069354913,7.7188147460000005,9.985002612999999,10.15248986,12.09731119,9.996033553,6.530519025,7.650741305,7.087296143,9.745957468,12.33497957,7.786768836,8.683667611,10.76291488,8.914945842,9.363654979,11.86938041,7.346678797,11.44332235,9.757020558999999,10.19446889,10.75327542,8.722396891,7.51405336,7.21122215,8.558411588,9.62008551,8.606062142999999,9.116436621,7.116780247,7.948459016,10.60135185,7.059417261,8.65371439,9.958127903,9.077805845,9.894921662,10.71235618,6.995111886,9.614986498,9.327871333,7.113832232,9.944890699999998,6.609462255
13.06961611,8.76914382,8.390091019,10.54742233,10.36123392,10.89413465,12.10083263,8.216859437,11.21735498,11.33471131,8.232327607,7.992963845,8.363885106,7.21921894,9.134430865,9.487221607999999,8.889809952,10.32715201,9.907755178,9.420003316,10.79074196,9.890814597,9.494038677,9.559820729,9.170367603999999,11.9115298,10.37791017,10.31569131,11.08384413,10.32863538,10.2359496,11.52376357,11.72684391,8.688349301,9.381403642999999,8.619756052,8.872653523,7.061365081,8.764374327,7.500029367000001,11.566778300000001,9.246551954,10.29714057,10.06254416,10.30476707,10.76390257,11.62140094,8.444501666,8.207190224,9.388203329,13.34714206,8.627613537,7.669010036,9.780989867999999,10.14685231,8.760437342000001,9.763109472,10.65715848,10.42411172,9.088839418,12.80385362,11.21578229,8.053416882,9.329469665,8.634689952,8.11016658,10.89912901,9.030055977,10.75870002,12.36600378,10.8448058,9.067092323999999,7.532266906,9.91614648,12.57598457,12.29316358,9.834908897,9.148700521,11.82487411,7.209846297,10.00446692,10.18902232,8.577293066000001,9.682857245,9.118752415,9.686017456,7.73946837,12.45160746,9.176161573,9.353019547999999,10.4138948,11.42662149,8.814291599999999,9.296618888,9.070028354,10.92553097,8.025197262,7.023948138,10.42816327,6.895556893999999
6.737057273,11.48813752,6.911107806,10.12985387,10.18764381,11.80665031,7.721246835,6.792032504,11.101011999999999,11.77866489,7.12281387,7.282358652,7.928009734,7.525879795,7.251512384,8.392584199999998,8.755064155,7.204930805,10.2431834,7.637335686,7.644788291,9.753868811,8.344433334,10.780374900000002,11.06885615,11.85467015,11.35760197,12.16501667,10.76082074,10.45861521,10.45018364,11.13435773,11.70989768,9.760295473,8.986640922000001,9.698888177,8.916770566,6.958656809,9.561218986,7.764812946,9.314995752,9.778778894,9.606034192000001,8.141468635,10.91551331,8.793175882,9.377486519,8.232814991,7.814607545,8.347164752000001,11.73669764,9.497200507999999,8.662075178,8.585089189,8.683985609,8.243975353,11.27082209,11.57295112,10.62384692,7.1988115089999996,9.582266494,9.697872958,7.540167897000001,8.357867456000001,8.99915254,9.181824667,10.52030955,8.032032466,9.201495434,9.948597601,9.412837931,8.093669148,7.54194664,8.216385762,10.55301737,9.443867547,8.578155422,8.842059896,10.80053533,7.429865972000001,8.044189614,8.156547628,9.105399762000001,9.33882189,7.5617599570000005,8.045120672000001,7.4619271970000005,10.19446889,11.5960159,8.85580186,9.985002612999999,10.35713984,8.708747301,9.498946962,10.49199757,9.15336366,8.014669786,6.8183977229999995,9.423963044,6.887322419
10.29417374,12.19791318,10.93562656,11.82487411,6.95460088,7.40303007,11.63458179,7.758013864,8.372083305,12.55534555,8.220007837,10.9380828,9.396809843,7.082371052,11.877576800000002,8.775233199999999,8.353920791,10.98188262,8.934207623999999,8.317106942999999,10.76291488,8.134009517,8.565890032999999,7.865126178,8.374349336,9.281815528,9.071135641,9.974619425,11.71224787,11.12731627,11.46730001,7.908140157999999,8.532499893999999,8.614914602999999,9.77598924,9.648818122,7.488754587000001,6.928301676,8.007070407999999,7.829170386,10.66117653,10.183439199999999,8.690077082,8.008075794,9.18417169,11.16668479,9.890245548,8.878682187999999,7.086703097999999,8.488047228,11.96739508,8.264998539,8.541844692,9.196404708,7.366363517000001,9.59383915,8.167140195,9.114922494,9.708628865,9.733946864,12.80385362,11.94380113,6.997692947999999,9.238043304,7.198624862999999,10.09274049,11.63843697,7.237683742000001,11.24517019,11.80665031,10.63488783,11.20523412,7.829170386,7.34004346,12.93204053,10.56597713,10.60039769,9.800635051,10.63379112,8.200402961,7.69214368,9.115267824,8.704649393,8.511241279,9.803994699999999,9.447831326000001,6.827935275,10.05680529,7.218417595,9.611583973,11.21892736,10.50015377,10.13252834,10.34606141,7.4096100389999995,9.882394312999999,6.919366716,6.652722766,10.91551331,8.446245929
10.63914323,11.56062141,6.786128262,12.59845037,6.833518162000001,8.631457954,9.349305204,7.540382215,11.74862078,12.13979876,7.587744506,10.37636071,8.587257645,6.961795249,12.71430856,7.9953943270000005,9.138291623999999,11.22818738,8.130969091,10.92418886,12.07658676,7.876321197,11.08532442,7.153559642,9.570514251,12.01106955,9.114556438,10.33666039,13.18427278,11.66133201,10.56505805,11.34690996,8.93490292,7.03629057,9.916781785,8.478593047,8.859499223,6.8608802010000005,8.612236557000001,7.8785585529999995,9.624495322000001,10.77359661,9.195204687999999,8.25731423,9.570514251,11.71450288,10.03668829,8.102271734,8.004094666,8.21054913,12.62000801,8.229051573,7.6616078089999995,10.3652279,9.752309772,10.31569131,11.45097606,9.894921662,12.46030819,8.218992367,13.60136889,12.51863729,9.30819858,9.422721109,7.552025545,8.443335117,11.31956007,8.931410286,11.03182818,10.99761925,10.79300306,8.268411831,8.46221559,9.799506671,13.61303772,9.709628327,9.468947492,10.4739987,11.663431800000001,8.023934978,8.961390502999999,10.17086879,9.680341761000001,8.810665204,8.193926332,7.60608104,7.478967616,11.52964963,7.508143004,10.99241032,11.60018194,11.66816945,8.496061832999999,10.31931542,7.697593477000001,9.578636823,8.443335117,7.081223329,10.18274808,7.281560205
11.6023883,12.70833708,11.35393517,11.79651465,9.00782017,7.558096655,11.69616408,9.910652967999999,9.397669571,13.637522500000001,6.90642191,11.88637557,9.577166882,6.8803387460000005,14.26288498,8.753809642,7.303650364,10.67923873,11.53973895,7.734979523,10.77045493,7.631404053,8.214505379,7.479299811000001,7.60608104,10.05113193,9.172147328,11.50155359,9.269282361,10.54742233,10.26258346,11.51586466,10.884451499999999,6.798031832,9.337150362000001,8.70161294,9.139026765,6.908488612,9.096822811000001,7.984795812000001,11.50763007,10.99109012,7.931539107000001,7.8571133820000005,9.214428013,12.60923337,10.42411172,9.468419524,9.063182402999999,7.208123431000001,12.25270729,8.677524578,7.484327123,9.003517233,8.522042628,9.572807437,8.24270217,9.737535979,9.238403077000001,8.586974835,13.65061161,13.17550221,6.989110967999999,8.522042628,7.600564943999999,8.535709619,11.6322075,7.550342483,12.43674467,11.16511477,10.62978109,10.28667374,7.1877522339999995,9.195578607,13.58751416,10.08541845,10.64207562,9.289236692000001,11.23450773,8.465101541000001,8.510709455,9.929938493,8.830555854,10.30010265,9.932332005,10.72877653,8.135790514,10.39845187,7.6480929810000005,9.082991216,12.15450558,11.57091975,9.226062907000001,10.32863538,7.834747966,9.692164432,6.828805127000001,7.035554437999999,11.61956724,8.307407084
9.751215782000001,13.65061161,7.115465271000001,12.81058549,9.271460207999999,8.164566246,10.77928222,9.340927968999999,8.51210809,13.28726957,11.25131812,10.10027462,10.17429261,6.703761354,10.48843398,7.30974685,6.871575223,8.192423616000001,9.147525615,9.035737167999999,10.65297239,7.371220562,9.349765685,7.265124009,12.17261722,9.777677873,8.074662322,12.93204053,9.981924567,11.786359599999999,12.06343798,11.1329744,11.05378203,7.030157944,10.01179682,8.33654757,8.575887147000001,6.781179041000001,8.621518706,7.673660681,10.49826378,9.559820729,7.756949916,7.258349233,8.661765969,10.86123238,9.039420323,8.005336619,8.066081711,7.188888576,10.97303891,7.269196776,7.210594976,7.255578174,7.496177039,9.194771454,9.067477935,9.382676382,11.52964963,8.605819919,12.75156761,11.475149499999999,6.901732619,9.923878438,7.060195028,9.526953385,11.55831726,7.748052363999999,10.21145649,9.971528037999999,9.512318235,7.8990316389999995,7.626649116,8.08818015,12.77699278,8.901022327,9.428020618,10.28898962,10.0961591,8.474141448,7.756949916,8.702539869,8.954222949,7.852364647999999,8.492085957999999,8.655599687,7.126856936,10.33108029,7.472382232,10.406797300000001,11.65453142,10.35015244,9.682857245,9.902388699,7.291220344,9.585002941,7.892942562999999,6.809116989,10.35797038,9.002075221
7.178795997999999,12.78333657,6.753267305,12.55001354,9.328286083,7.10063664,11.16511477,11.9059177,8.127164109,12.79059753,9.841601708999999,11.77866489,13.71824738,6.836540717999999,13.11783582,8.820220904,7.108190822,11.20039764,10.22723659,9.134070381,12.56556512,10.44507139,8.900669106,9.836593602,8.245529834,9.094200247,8.996649326,9.626005145,11.86372038,11.9228972,11.56062141,11.52182856,9.824277752999999,6.772216633999999,10.63379112,9.739639939,8.204673774,6.6985713229999995,11.64297273,7.392613891,9.68498287,11.35760197,8.794858905,8.094172873,8.683083427,11.9115298,9.971528037999999,9.019084896,7.660364599999999,7.31902302,12.07313677,8.505453654,7.114717502,8.561746805,7.720042307999999,10.71032648,9.663275929,8.493240013,11.10978445,9.504772795,13.82750007,12.77699278,6.96625991,9.612107552000001,7.22635439,9.749639489,11.67527815,7.365745557,12.02038067,12.41767543,10.99629972,11.28061321,7.597924354,7.852818012999999,13.43054851,10.618917,10.00581946,8.919496747,10.49920162,7.916977645,7.830475032000001,8.744732208,9.177679989,8.398104941,9.415058113999999,10.75768921,7.31528083,10.79519788,7.529872129,9.845500864,12.11467308,11.73166775,11.26420754,9.625456974,7.696553532,10.12285793,6.892233900000001,6.793009818,11.566778300000001,7.96578295
11.2675444,8.235378432000001,6.712506302,9.155379238,9.990375656,9.094629467,9.739639939,10.7256259,9.201872537,9.582266494,8.974167216,11.58340152,7.732595859,6.871039465,10.618917,12.67987449,8.98446042,10.29568708,8.966895081,9.376135456,11.27246617,11.49598381,9.639393966,8.307147903999999,8.61283884,10.44239788,10.65297239,11.59163847,11.111248699999999,10.51699829,9.697872958,11.31581428,11.85467015,6.805242192000001,8.895513665,8.873588157999999,8.188359802999999,7.352947339,8.123948717000001,7.1180846110000005,10.32561663,9.663275929,8.369679936,11.47704234,11.53542046,12.12930028,10.34606141,7.384098896,7.700036792000001,11.33974987,12.30096058,7.451982811000001,9.930503607999999,10.70717671,7.792333436,10.05941606,9.210050293,9.888548901,10.223717500000001,8.605203458,13.637522500000001,12.36600378,9.287568256,9.184979343,7.9564725229999995,9.541113736,9.627504491,7.47337827,11.55230139,11.61956724,11.13984525,10.94552122,7.457307182,7.726203582,13.47384495,10.693893300000001,9.743311143,8.668120799,11.9115298,10.01660487,7.759836554,8.675710941,7.323994174,8.537143702,9.326247082,7.889147174,7.509160952,11.02753106,7.539616242999999,9.612107552000001,12.34843187,11.22515663,8.170267171,9.106872641,8.965739886,10.38033272,6.794739206,7.44522196,10.48149277,7.457836155
12.27265813,7.414417375,12.19084184,8.033491949,7.341533586000001,12.18360134,7.212684336000001,11.73166775,13.37890901,10.67022911,7.053066202,9.206066264,7.782711362000001,7.196432773,9.58135073,8.516779722999999,7.339797354,10.42488973,9.556861982000001,7.366904967000001,10.23809153,8.642413824,7.550884758,9.501206257,8.902031043,10.916741400000001,12.13979876,9.994678274,10.36286584,8.164843264,9.078483228,10.64814298,12.58173611,6.787844097000001,7.965541339,7.865637501,8.85112206,6.660628478,8.138051707,9.325776308,9.176525885,8.01246165,8.65250025,8.938834979,8.65371439,10.37155723,11.39319003,8.232814991,8.111666964,8.463656719,13.27717447,8.304459937999999,7.356831279,8.776123395,9.917449807,8.99915254,8.919496747,10.06443193,9.203714131,10.57452519,12.98464237,11.2496996,6.957067136,7.52244448,9.349305204,8.266047577,9.299120903,8.702233977,10.61790753,12.77699278,10.14200016,9.141683897,6.866374236,9.852289112000001,12.16501667,12.1111595,9.355590962,8.38654065,11.10823942,7.567887549,10.02171095,9.80341093,8.52931671,9.844929382,8.927547998,9.398078911,8.050891331,12.03000347,9.312831087000001,9.252209619,11.21123828,11.05378203,8.337335412,8.614352675,7.626486111,11.07803772,7.149264017999999,7.245408885,11.01959767,8.015815489
9.149831086,12.75808013,7.547447622999999,12.13282353,9.501717183,9.031108662000001,9.170791223,6.878493787999999,10.86735711,12.55534555,6.785196748,8.420063084,10.3351125,7.105544038,10.40900742,9.370086181,8.226120045,6.99252789,9.715974877,9.101501942999999,10.80946695,7.538883714,9.77598924,8.326927956,8.739139982000001,11.75352099,9.915510519,10.33816108,11.64051348,11.44714564,11.40034723,9.859735297,10.50197282,9.337150362000001,11.03586159,8.43941077,9.18341364,6.844726327999999,10.6813026,8.548053564,10.71334211,10.05809885,9.942629212,7.722546179,9.873182293,10.64709865,9.482186996,10.2388163,8.36768577,7.707695187000001,10.81963367,10.00147983,10.96655694,8.399230485,7.364060339,8.561174519,9.810691531,11.30714913,11.29894968,8.059747655,11.66569819,11.35573354,8.514140302000001,10.39923331,8.643643313,9.589050698,11.4546516,7.606692112999999,10.11269423,9.758048715,9.383135725,8.504594897999999,8.017056254,7.535297883999999,12.62000801,8.812649314,9.456586547999999,10.09214069,10.56869671,7.887118817999999,7.4619271970000005,8.451302477999999,9.598975534,9.325351777,7.952087496,8.399230485,7.998080904,10.0205646,8.82963251,9.551794473,9.498090883,9.739639939,8.75541295,9.269282361,7.62703851,8.549551395,8.130969091,6.892483972000001,10.33108029,6.673488527000001
10.79950092,13.22890161,11.43965125,12.37497829,12.01106955,6.943490589,10.19932121,7.867866929,7.620280512000001,13.23822132,6.958765842,9.599509207,10.54182686,11.87491771,10.93057562,7.7193804020000005,6.773300135,9.771153314,9.068197741,8.657721188,10.42488973,8.122645294,8.806405314,7.035184988999999,7.969317196,9.289236692000001,10.928079400000001,10.11688107,11.82780244,9.020154335,12.59845037,11.52570137,10.37472416,6.680887887000001,9.425298117,8.21294169,8.586064132999999,6.767984346,9.608018292999999,7.504423799,7.954406237000001,8.799620529,7.560644752000001,7.92033851,7.7358413829999995,10.34134353,10.66807881,8.663269769,8.160561807999999,7.10911136,13.77036306,8.079991345,6.898404331,7.987535694,7.834064753,8.931759818,8.535709619,9.598521937000001,10.82084813,8.366067976,11.77625536,11.13984525,6.7254624110000005,7.926929187000001,7.01558365,10.10450072,11.77381646,7.372035296,10.34449021,13.21148392,9.580054333,9.135612698,9.246157735,7.797473805,12.26070214,10.9654286,8.834630576,9.877803933,9.553641396,8.353652372,7.803143033,9.815031017999999,10.2431834,8.167682829,9.249823108,8.323944236,7.489717073,10.67719178,6.954096627,8.71713408,10.80277527,10.43729076,9.114194637,9.628564543,7.097541109,10.28429669,7.01558365,6.672150592,10.85424965,6.88982465
10.3116233,11.36128827,7.166599428,12.40858656,8.920161893,10.54552078,9.372212851,7.945870932,9.867952964,12.58173611,7.9541738870000005,10.30010265,9.946129202,7.165749247000001,12.93204053,9.660090741,7.133286791000001,8.528733136,9.22930427,9.821519886,13.06154429,8.09266247,9.912507678999999,8.021777061,11.03315359,11.48813752,10.0722826,12.34430388,13.21979835,11.45269513,11.28735116,9.502641783,9.970960129,6.6790254970000005,9.859197163,8.988041423,8.578155422,6.727249595,9.647781756,7.787152454,10.43919541,11.305547599999999,10.19999462,7.555061099,9.670486329,12.49405224,9.428869374,10.28898962,8.301799357,7.958917049,11.07803772,9.237662726,7.415525808,10.11552098,7.864502508999999,10.566934,11.1426136,9.370086181,11.80429036,9.27893439,13.65061161,12.96930994,7.009067085,9.564456561,9.177679989,9.513257688,10.91810338,7.671221287000001,11.92890918,10.86123238,11.59799703,9.722638947,8.318416781,7.800976678,13.71824738,10.04470212,10.465539300000001,10.09475733,11.32630273,8.095903336000001,7.826460151,8.671765081,9.281396609,9.11722058,8.60398768,10.16096341,7.4009281520000005,10.65400517,8.709717601,13.32647376,11.50155359,11.64051348,10.50633736,10.29417374,7.756050766,9.320740748,8.914945842,6.886378493,9.985647018,7.201137133
11.76375392,11.83831431,7.9745337329999995,12.21313719,7.233112159,9.314558937000001,9.140230962,7.328341704,9.972816052,11.74154087,9.395440586,7.809525524,9.405781342000001,7.595421256,10.667104199999999,9.538754407999999,7.581061087,9.201872537,11.19575503,9.867952964,10.68995871,8.764016737999999,10.03479006,10.03608649,9.983746477999999,11.46730001,10.01360062,11.840788499999999,11.92606798,11.27889886,12.49899992,11.34690996,9.980050047999999,7.229734487999999,8.801370985,8.03713669,9.946716937,6.900046137,9.585002941,7.446473897000001,11.35959767,8.707191478,9.549454991000001,8.900325071000001,9.262080532,10.5160161,10.48220637,9.836021608,9.341335617999999,8.127913199,12.14735243,9.366617907,8.271970772000001,9.118752415,9.688975061,8.81393976,9.917449807,10.45520537,10.36763782,8.927547998,12.79716678,11.37183124,8.04152955,8.633758099,8.457460878,8.715183074,11.03586159,9.177679989,10.75115943,12.03000347,10.73740507,10.19659465,7.180852622000001,9.412418446,12.59296546,11.4546516,9.248599775,8.299330441,11.35213062,7.547681331000001,9.271460207999999,9.375711754,8.549839169,9.379258264,9.476863275,9.657506069,8.796648202,11.72926729,8.288385598,9.275646355,10.58227507,11.014443,9.58311009,8.819825801,9.210050293,10.13322696,7.151479294,7.728484494,10.53827881,6.855686341
6.755665057000001,11.9641437,6.537399883,13.01416274,7.0804516070000005,8.595872102000001,10.59556694,7.873293295,9.675147224,12.51351002,10.50455153,9.223607354,12.32250968,10.717516499999999,11.54185344,8.042545452,9.412837931,8.766592269,11.9196025,9.254235417,11.00788699,9.546554492,9.264138829,9.929392938,9.029304112,10.63713328,9.329873699,10.46807836,9.626005145,12.03356225,14.1902371,9.319871035,10.84599305,6.912384604,9.67624278,11.04446941,7.480675445,7.3059563160000005,11.16061927,8.022961843,9.810691531,9.19083934,8.004807819,7.438798684,9.270144124,11.02881304,8.601600035,7.997602838,6.979041764,8.008075794,10.45367926,7.825135457000001,7.8336005989999995,8.783627176,7.356262134,8.795931377,9.123830274,9.43636768,12.55001354,10.10161929,12.52938013,11.13560275,8.373245509,9.418594499,7.856900457999999,10.35870711,11.83281838,7.345142922000001,10.16668131,10.733172300000001,9.536852365,9.963691543,7.552025545,7.6625756560000005,12.45542123,9.028191672,9.744420663,10.41474345,10.46647232,7.264506504,7.354053803999999,8.357588165,9.811233937,9.243345352,11.22055737,9.096491906,6.839340345,9.505719277999999,8.639475894,10.95769276,10.76187867,10.32561663,9.680341761000001,10.19659465,7.823148057,8.382413477,8.630539694,6.674186292000001,9.843224651,7.664456764
11.31581428,12.54444733,7.317713338,13.13360859,7.011533677999999,8.241412333,9.348050473999999,7.894315711,8.418893041,12.99894831,7.478465282999999,11.4415547,11.48454263,6.800593162999999,11.90876661,7.761548586,6.475060127000001,8.580070847,10.44239788,10.27452945,12.02038067,8.778104616,10.38288955,7.167753932,9.742802253999999,9.281396609,7.724039693,12.14735243,13.95624997,11.81972659,10.99629972,12.40858656,8.490917482999999,7.413504141000001,11.26252303,10.50719728,9.059353927,6.859720844,9.210434441,7.621054249,11.16668479,10.57837307,8.364736021,7.680579809,8.402181491,11.94689061,9.817183392999999,8.323944236,8.289210473999999,6.947357704,12.31359006,7.980972873,6.974080057999999,8.985918586,7.412733506,10.69189055,10.38367271,9.242172255,12.7456099,8.03224687,13.97262119,12.42255182,6.857403017999999,10.39695584,7.200434416,9.184554287000001,12.28896293,7.287024617,11.60018194,11.10398359,10.60610995,8.965739886,9.445653664,7.464286619,13.92215862,9.56626454,9.492173322000001,9.457008236,10.59178077,9.113019235,7.499211834,8.749069854,9.931730124,8.210816244,8.829280782,9.630510517000001,7.680579809,11.43212874,7.593887324,10.01725659,12.16501667,11.57718123,9.756487993,10.62087333,7.115760669,10.98053774,10.85882007,7.206599409,11.37359996,7.869210367999999
10.96025028,13.00671348,7.56807366,12.11467308,9.329047905,7.28263507,9.818766774,7.628832928,9.326629854,12.89736215,8.076421332,10.70209104,9.771712089,7.03617898,11.20665042,7.325030836,7.135710506000001,8.985918586,8.621518706,9.885747268,10.71334211,9.240124268999999,9.829775032,7.226684468999999,8.071748412,10.27599105,8.34118285,9.878898619,9.994090805,11.471156800000001,11.57295112,11.24236963,9.761435772,6.8308881239999995,10.47483904,10.20633316,8.863203723,6.604155199999999,9.298741547999999,7.8189289220000004,10.67923873,10.69917385,7.96442704,7.924341023999999,9.76085247,10.95504942,9.708069451,8.464518415,8.142507052000001,7.477955835,12.61459353,7.602867367999999,8.288676427999999,10.37081557,7.931792845,10.27985077,8.967971363,9.559335947000001,11.52376357,8.258639881,13.1937799,11.79927552,8.845442953,9.058248257,6.9615562760000005,10.04925701,11.94090942,7.866532782999999,11.15033537,11.02624129,10.39125065,9.19325996,9.475956811,7.911003292,13.07730948,10.49567774,9.594330685,9.749159165,10.32561663,8.302601016,7.8517201629999995,9.12502286,9.859197163,8.917104952,10.48309283,9.21482534,7.803842172,10.49826378,7.354314417,10.11875387,11.46201879,10.53827881,9.608018292999999,9.64577041,7.358817056,9.865670033999999,8.920161893,7.2714085729999995,10.42328905,7.785087595
7.113369246,13.1937799,6.851883432999999,13.28726957,6.8337039189999995,8.358913348,10.46969026,7.77636476,7.188344599,13.45205599,12.22078704,10.17429261,12.44199075,12.79716678,10.94794656,7.221259771000001,6.904844475,7.912622872999999,9.702437474,8.465419301,10.99629972,7.602867367999999,8.550116649,6.85815227,7.947275622,8.857825798,7.735408509,9.394178691,9.095380821000001,12.14735243,12.56043522,12.40858656,9.306515904,6.868188742999999,8.328048424,7.812644287,7.836971082000001,6.729741199999999,7.822931732000001,8.024963065,12.12205077,8.723430362,7.638144186,7.634358335,7.790868063,10.64207562,10.56505805,8.271970772000001,7.10801997,7.574490394,10.94437965,7.565067312999999,8.935933619,7.277237749,7.394934046,9.803994699999999,9.241326953,8.251343816,11.36480729,9.858019686,13.0852804,11.40934303,6.959425595,9.641806876,6.784796157000001,9.454824755,11.83555137,7.348809097,10.31858345,11.16815465,9.484052215,9.731889195,9.880064746,7.567138815,12.69099716,9.252209619,10.37636071,8.535413866,8.933200426,7.144806907,7.478465282999999,8.795931377,9.519232055,8.478593047,8.655599687,8.850440479,7.001820671,10.12006247,7.9555375370000005,9.513751859,11.06885615,10.31011482,11.56477731,9.751215782000001,7.26882744,9.509466425,8.284769504,6.84722209,10.12985387,6.873128757000001
7.022203998999999,7.8589591,6.881356535,8.76690522,9.115267824,10.92294395,7.783809964,8.016781538,9.801759732999999,10.97038938,9.61752854,10.32158593,6.991026472000001,6.845882657000001,9.96916337,12.55534555,11.305547599999999,10.64606744,7.502873731,6.501295967999999,8.809330214,7.997114445,6.991026472000001,6.883901382,7.989919177000001,8.260202425,8.491208541,10.80277527,10.39845187,9.880704097999999,8.652158408,12.60411387,9.835402651,6.636468357,7.992725887000001,9.05270515,8.264458998,7.394582691,7.436698586,11.101011999999999,10.41228552,6.997007974,7.592938342,9.026680038,7.626056742,10.00940326,10.36050403,7.794839313,7.3368936620000005,11.09088411,11.66133201,7.975947961,7.108619784,8.806102001000001,7.700859185,9.028571637999999,7.710608532,8.699988979,9.528897522000001,12.68536163,12.09074346,11.26091824,7.096742161,9.465325154,6.994128168,9.914966769,10.35870711,8.349580895,10.18902232,10.56961789,9.34717028,8.909788938,8.012945815,8.196094636,11.83555137,10.13252834,12.2444573,9.444314299,12.99894831,8.382956127,8.202551821,9.152224972,7.20456501,9.006733632000001,9.219851012000001,7.787400815,7.034663559,9.96804841,7.305575178,9.588063064,10.928079400000001,10.34056247,9.610058443,7.909139284,9.765223757000001,9.640787205,6.965180952000001,9.643832738,10.24383576,7.0704815210000005
7.630271548,8.586974835,6.639039164,7.675623773,8.005336619,12.36600378,7.720449725,7.641859726,11.9228972,9.462480807,6.913327409,7.718607236,10.221498599999999,7.351011054,9.986834137,7.461118762000001,10.33181152,9.468419524,12.54444733,7.502873731,10.48063214,9.078483228,7.834747966,11.05113529,8.107825767000001,10.87326764,11.07536852,10.96419607,9.805131852999999,11.27742037,11.9115298,11.22988916,11.3023629,6.720175835,8.190852634,7.847639831,9.116831731,6.812077808,8.398371829,7.144380141,9.16992526,8.173867392,8.284769504,8.453239952999999,10.28586679,10.21145649,10.42990597,7.48207072,8.343889948,10.17152051,12.28483565,10.48669071,8.428193721,9.664785933,9.289236692000001,8.043699136,9.471894759,10.223717500000001,9.225624942,8.076890928,12.22432397,10.55945935,6.970832874,7.210594976,7.75010162,7.404432973,9.295865891,9.026680038,9.908899695,10.92670841,10.5212339,8.27774102,7.001286615,9.133277926,11.86657525,11.11994321,9.212026274,9.107269642999999,11.16815465,9.740161948999999,8.846136016,10.52479779,7.959655412999999,9.715488122,8.929603886,9.040523743,7.630271548,11.65453142,9.524595867999999,9.057875119,10.51347157,10.74268596,8.687740472,8.143499951,9.846088602,9.766755587,7.05186554,7.596384154,9.934846822999999,7.083440037000001
13.34714206,7.837653484,11.85776682,11.43034142,11.83555137,8.134268907000001,10.52929969,12.68536163,8.155708563,11.6322075,8.087921425,10.90397333,8.837003988,6.535638344,10.86123238,7.391305727000001,9.371377747999999,9.346343114,9.096822811000001,10.92418886,11.29719392,9.446121211,10.78603417,7.894315711,8.338180562,9.499388344,7.707292561,9.525514587,11.57091975,11.3023629,10.18629317,13.27717447,10.51174937,6.727125511000001,10.01305785,8.187789752,7.005362916,8.527236862999999,7.129564049,10.74588161,12.02349038,10.8128039,7.427653982000001,9.340500609,10.40754051,12.18008645,11.81715009,8.488648168,6.909334436,9.989750903,14.00782659,7.145638484,8.342268638,13.52749072,7.929193078,10.37791017,10.27908018,8.361153356,11.58940708,9.900053795,14.49630327,12.06983933,7.327229605,9.690510197,6.76167815,7.93224779,10.23008554,7.493729932000001,10.15812586,12.37497829,10.49740795,8.368267141,7.150077971,8.631457954,13.35843942,11.23450773,10.22442883,10.69603368,10.12617579,7.19652298,8.117352045,9.375280883,8.291704982,8.219762633,9.200692997,9.890245548,6.743198273,12.22809513,7.357112519,9.23204872,12.37056712,10.91287615,9.619613614,11.20194186,7.987082696,11.43779684,7.393203712999999,7.531938815,11.55444033,6.678341162000001
6.91463181,13.04548117,6.760458637999999,12.19791318,7.067345755,7.368906093,11.34690996,8.592093263999999,9.054957859,12.99184229,6.90734269,10.12764347,8.51210809,6.836214578,12.66330881,8.310981441000001,7.168970358999999,9.768881827000001,8.717745913,11.43409697,11.99268103,9.431481986,11.2496996,7.216561189,9.936017082000001,11.0346455,9.093026117,11.95843865,11.41315588,11.22818738,11.58535667,11.81184389,9.781627182000001,6.6269996870000005,11.79388302,7.789337324,9.931149683,6.782572703,8.136783663,7.750955789,10.79950092,10.20916635,8.250279577999999,7.702670578999999,10.61790753,11.497869699999999,9.251833495,9.16238932,9.21482534,7.145193397999999,11.21892736,8.045831643,10.36437335,8.559664891,7.5282989,9.415058113999999,9.571951292,9.146354662,11.48813752,8.314568068,13.22890161,12.1111595,7.171966715,9.943200803,7.475081219,10.14685231,10.34297463,7.76933095,11.36128827,11.67309604,10.18835774,9.185334258,7.842798547,7.714356997,13.00671348,10.3326878,10.28586679,9.907755178,10.58129516,8.271441068,7.755012894,8.523220614,9.239703549,8.136014677,9.679340487000001,9.938364235,8.556850089,10.83567447,7.465803308,10.693893300000001,11.32816756,10.87326764,10.71971654,9.888548901,8.449596417,10.01785061,8.296209596,6.890911385,10.85424965,8.909788938
11.94090942,11.5482365,12.41767543,11.86372038,7.49667414,9.827201011,8.248724091,7.439135228,9.458364605,11.93767054,9.515108841,8.602465156000001,8.076640986000001,7.477279115,10.76820981,7.227576535,7.614494128,10.64207562,8.929603886,10.13590427,11.31778037,8.436611002000001,10.44677663,7.953449163999999,9.050844048,10.47822528,9.037551022,9.54287379,12.38503373,11.56062141,12.95349061,11.28909988,9.598975534,9.81666799,8.793518918,8.432984694,8.097861826,6.706331932,7.874660986,8.832965696,10.91551331,9.997291939,7.695519269,8.179674823,9.772228214,11.07803772,11.23450773,7.554670902000001,7.457136945,8.254418253999999,12.85721437,7.69053119,7.795075906,9.175334398,9.516030795,9.582678195,10.15671666,10.02756933,11.285671800000001,8.98482811,13.27717447,11.20039764,7.804687767000001,9.455254976,7.852586499,8.941624654,10.9089594,8.769757268,10.48220637,12.53482304,10.73202766,9.96431572,8.537143702,9.22645402,12.47887932,11.27082209,9.894303657,9.676791382000001,11.212753300000001,7.119946475,9.139438483,9.796773778,9.10613247,9.428869374,9.067477935,9.336240427,7.3882369070000005,12.1111595,7.935091006,9.985002612999999,10.75768921,11.232878999999999,9.545167296,9.543788787,8.43713115,10.05307236,7.139250057999999,10.19932121,11.02386888,7.382491477
9.872613128,10.25897874,7.2118050920000005,11.1772396,7.355551582,8.868657732,8.171304889,7.018470035,9.727320255,11.1068717,8.575887147000001,9.149057805,7.898623163,6.871060727000001,12.36600378,8.953890977999999,7.119608669,8.644199216,10.06711012,10.722706,12.21313719,8.2741071,10.77811798,8.745033381,8.159539865,11.82231691,10.037282800000002,10.7001172,10.85882007,11.55831726,10.95154492,9.17113385,11.191389,6.89643226,9.180355934,7.986545285,8.99377087,6.832192631,8.534550838,7.486224312999999,10.28826926,10.12488917,8.128669827000001,7.435080963,9.953129286,11.64051348,9.951840154,9.371794184,8.601294079,8.624567667,11.05243218,8.004094666,7.6201275310000005,9.541560276,8.018021835,9.600493828,9.758048715,9.809635953999999,10.26113061,7.30974685,12.36148486,11.52964963,8.734449065,9.879408155,8.303659205,10.11813763,10.77253226,7.540855277,11.19428619,11.11716577,10.85195005,9.166701248999999,8.542159878,8.321204915,12.46030819,10.24165711,10.19372552,9.628564543,10.10861783,7.711673921,7.926450352000001,9.344260517999999,7.802647501,9.202655405,9.159332886,10.25245569,7.797693355,10.1372613,8.568253537999999,9.342980266,10.65104386,10.30094146,10.02115538,9.264516461,8.03713669,8.974167216,7.113517462000001,6.905145602999999,9.919775167000001,6.788153925
10.50015377,12.4318736,6.721828649,11.95843865,7.008771161,10.35318232,9.479495067,7.223583527000001,8.533971356,12.51351002,6.805775797999999,11.11287145,10.52479779,6.99258634,12.54444733,11.212753300000001,7.094161121,9.831388291,7.664242679,11.06621629,12.42255182,7.8119954279999995,10.78493009,7.201080221000001,8.78494089,10.65715848,9.91614648,11.32272039,12.91811699,11.38569868,11.29719392,8.33287392,10.11813763,6.757274649,9.220278716000001,9.523194559,10.15600653,6.667112144,10.98847623,8.130503431000001,10.88330139,10.23242541,10.74695003,7.43927558,8.634407453,11.663431800000001,9.442526624,11.84912249,9.546071295,7.6714518279999995,12.23611709,11.26252303,7.141944108,9.527958441000001,7.263149231,10.2056112,9.947990127999999,9.925079991,11.63843697,8.021777061,13.126010199999998,12.63100527,7.000971947999999,9.646827105,10.59556694,9.774875459,11.15611703,7.367866116,12.066351199999998,11.20039764,11.10398359,9.251833495,7.9034988010000005,7.489944248,13.73145648,9.829775032,9.74069672,9.872012582,10.55396494,8.485571182000001,7.355979187000001,8.326927956,8.789948888,8.527236862999999,9.084050831,10.1588172,8.992640145,10.20486343,8.853195788999999,9.955085137000001,10.61492844,11.32977503,9.563070428,9.852849908,7.283959626000001,9.658075073,8.617032088,7.076771387000001,10.28898962,8.01828177
11.43034142,7.883211758,6.739885716,7.910065400000001,7.38586117,12.91811699,7.120293892,7.569973769,14.36844792,10.00641663,7.049095672999999,9.392938935,10.18561218,11.81715009,10.96916151,8.240050137999999,8.586669236,9.731889195,8.943409389,7.0735172539999995,9.592920987000001,8.291957936000001,7.235047255,7.397644971,7.885464295,10.56781091,11.130219300000002,9.361917735,9.023398797,7.477955835,8.788022806,12.37497829,10.62087333,6.997987086,8.498624782,7.380349681,9.911292663,6.700820001,8.498064298,7.508636141,10.17227529,8.251865133999999,8.589147364,8.101309334,8.11218634,9.480422538,11.20194186,8.724668014,9.292218319,10.84257001,12.60411387,10.67923873,7.370928882,7.630456691,8.101568354,8.924750588,8.896240281,8.894498569,9.629096048,10.21719481,12.75156761,10.86123238,6.881760581,7.374127786,7.060951299999999,8.144583654,8.768791062,10.23958831,10.78157984,12.2971536,9.507127017,9.628564543,6.733301658999999,8.150074007999999,11.99883138,11.415004199999998,8.218409142999999,8.716805003,10.869609,11.32454723,8.448219522,10.04405114,8.074374906000001,8.319812143,9.364056108,9.534511506,8.507154752,10.48575232,7.287024617,9.30819858,11.49008572,9.795204404,8.276401003,7.828232476,9.638872701,10.618917,7.152890863,6.704919273,10.64920412,7.70477978
11.14114454,10.64096867,6.517525592999999,13.40083083,6.898938519,8.933200426,11.34341842,7.217658779,9.901192528,12.46030819,6.661999961,11.43965125,10.68995871,7.067259438,12.58173611,8.069103876,6.888709058,9.747624892000001,10.78265966,8.903144699999999,13.47384495,8.660541966,8.179915285,7.81935548,8.328846853,10.717516499999999,9.103828749,12.22809513,11.46567281,12.19791318,12.2053889,13.34714206,9.486789625,6.833856542,11.62820626,7.85149271,7.926450352000001,6.779795374,8.277504783,9.143170683,11.21420903,10.8244056,7.913961362999999,7.615318241000001,8.734449065,12.88291183,8.926123452999999,8.436611002000001,7.620280512000001,8.873588157999999,11.60647604,7.558663411,7.655896632,10.59089016,7.3727865370000005,11.101011999999999,11.07399396,7.6432173489999995,12.75156761,8.197618198999999,14.43176902,13.3679068,7.730984351,10.03245002,7.534247924,8.562063056,11.43591446,7.5516774920000005,12.64775045,10.81165921,11.76866231,9.123029688999999,7.2034606189999995,7.710412382,14.04336816,9.376135456,10.82643664,10.05748267,10.81519446,8.613444157,7.481187461,8.753164596,9.51556966,8.811024169,8.397050595,10.30256776,6.786851072,10.90520522,8.19292201,12.00793409,11.860722099999998,11.94689061,9.112674476,10.3358924,7.307219247999999,9.084050831,8.621783283,6.823033046,9.046449857999999,6.835544552999999
11.24236963,9.365668397,6.622642523,9.455684083,9.777145061,11.90285706,7.057667297,8.576458597,11.08229177,10.87086348,7.117894141,9.07630632,8.494410925,7.118556519,10.97916313,9.259131233,8.031313067000001,10.46807836,10.78265966,8.184898528,11.12438374,8.922962997,8.375229914,10.55487068,8.478913289,11.56062141,11.69145154,11.92890918,10.47976018,9.594330685,10.39454238,10.74908066,11.58940708,9.139026765,9.021921591,8.53514378,9.690510197,6.694023717,8.89386424,7.136011807,10.71235618,9.00929017,8.444192565,8.522042628,10.40594607,11.20523412,10.72764719,9.057186697,8.827574595,9.157819338,12.27657453,9.48859581,7.977202129,9.61752854,9.785507947000001,8.909054369,9.721639089,10.42411172,9.337932933,8.569751983,12.99184229,11.75352099,7.15546657,7.58331578,8.696279183,8.114031358,9.973400671,9.848415408,10.99109012,11.44332235,10.93933964,8.800652805,7.043233355,9.919775167000001,12.83731572,11.38392641,8.945266542999999,8.337901763,11.58130098,10.47057228,9.837591436,10.40423448,8.869009868,10.59649479,8.834294089,10.17365383,8.574705717999999,11.52182856,10.01472975,8.969987132,11.47899071,11.36998174,8.366915649,8.819158502999999,9.674096583999999,9.697335533,7.785087595,7.542653187000001,11.00147261,7.116339407000001
10.02489901,12.81058549,7.752645985,12.60923337,10.9778232,8.089901329,10.20916635,7.951841926,9.562100167,13.3679068,10.44846056,9.923878438,9.226862367,8.761736721,11.37183124,9.961913092,11.02495756,9.212026274,10.93186396,9.805131852999999,11.05652778,8.29402517,10.34375775,7.104290506,7.620484729,10.51174937,8.867982665,11.23585669,12.36600378,11.86657525,12.32250968,11.721884800000002,9.126520616,7.059144419,8.749683382,11.01959767,8.377680186000001,9.17113385,9.220278716000001,8.430107766,10.83452398,10.38618796,9.504772795,10.3326878,10.26410412,10.89912901,10.33181152,9.610545411,7.698808197999999,8.178419725,11.97969001,9.07369402,7.472045217000001,9.887406164,7.569973769,9.178819441,9.272328506000001,10.79950092,12.55534555,8.812649314,14.26288498,11.10398359,8.067818467,10.32561663,8.120089851,10.36437335,10.36918846,7.248949677000001,10.04984963,11.12878981,9.415058113999999,9.635538768,8.494696097,7.66539565,12.59296546,9.830852248,9.567788903,10.77928222,10.32478819,8.29673186,7.822757599,8.302834467,9.240925893,8.451302477999999,9.737535979,9.622576152,7.346118177,10.37240144,9.255097196,9.459758045,11.31956007,10.01785061,9.288808345,11.1068717,8.411436837,9.846088602,7.006082814,6.974001563,10.84028659,10.00818607
7.22950907,12.46520849,6.800827542,12.68536163,7.09575417,7.416819472,10.74157508,10.1345429,9.55734294,13.27717447,8.070602335,10.17494311,11.73166775,8.37550629,12.03000347,8.09742539,7.679656216000001,10.05941606,7.415723026,9.983746477999999,10.30476707,8.163603038,9.777677873,6.940498858,8.029544754,9.962527596000001,8.292457987999999,9.132922054,9.469380888,10.6909434,13.940111199999999,11.00535443,8.355034875,6.819621672,9.927467433,9.662708685,7.823825247,6.664472045,9.077805845,8.306841431,10.9845341,8.556562524,7.788413718999999,7.74718913,8.633183021,10.43409352,9.960613211,8.842059896,7.634980134,7.937704727000001,11.78886364,7.529158026,6.874742901,8.203858059,7.511791959,8.783627176,7.924544706,8.799620529,10.82084813,9.509466425,12.47887932,10.52569218,6.932566447,9.053082583,7.077975382999999,10.42241756,11.11716577,7.371600495,10.31569131,11.38229878,9.464389516,11.35760197,7.282520213,7.789337324,11.75352099,10.21370347,10.5899234,10.12695785,9.571034813999999,8.187239459,7.972191243999999,9.382220724,9.31613043,8.478913289,9.098884486000001,9.852289112000001,7.1693037429999995,10.18902232,6.99237172,9.309869458,11.2496996,9.749159165,10.37636071,10.56320148,8.373245509,9.467911575,7.419183902,6.913084941,10.94794656,7.713731501
7.360445234,11.76375392,6.742138324,13.43054851,10.15671666,7.546528202,11.12287688,10.89045555,9.148700521,12.32250968,8.556850089,10.24884129,10.38288955,7.079089487999999,12.48895415,7.687720688,7.435928615,10.56597713,9.592920987000001,7.33810636,10.03668829,8.67411844,7.502497309,7.096583873999999,8.391474964,9.364435047999999,7.982598818,9.263716901,9.501717183,11.63014786,10.02364558,12.34430388,11.33471131,6.725409199,8.725596249,7.430021085,8.175861582000001,7.193419542999999,8.105766094,10.04795184,9.968632779,9.679340487000001,7.856900457999999,9.855157792,8.537143702,10.71434749,11.50351171,8.350364781,7.340875829,7.527191713,12.65292908,7.44334296,9.230845975,9.204888737000001,8.603093499,9.635032126,9.1318106,9.370552095,10.05680529,10.72076929,13.67744399,11.0809591,9.169091931,9.459292922000001,7.144897439,9.73547537,12.70833708,8.309930152,10.15177841,11.46567281,9.520149755,11.68414848,7.534953585,9.335824008,11.70289315,11.03021102,10.61001233,10.01179682,10.70822817,10.13252834,8.785290092,10.79950092,7.826460151,8.83966993,9.578636823,9.310307775,7.088779700000001,11.66816945,7.4963496570000006,9.295865891,12.28896293,10.79074196,9.133711118999999,8.278528273,8.011180811000001,11.09373948,8.272510429,8.526459476,11.47899071,6.827354883
11.38229878,7.981684557,6.810996737999999,9.037551022,7.045322627999999,10.83687662,8.38654065,10.26485303,10.21998849,9.660090741,9.155762395,9.807385502,7.347892873999999,6.887285527,10.84028659,10.52929969,10.62770717,9.743840933,8.38654065,8.49925628,10.70115329,8.856140736,8.467166005,8.793518918,8.281247208,10.52030955,9.501206257,10.12910517,10.79300306,11.88932827,10.51860459,12.03725283,11.80665031,6.666137814,8.330251675,8.310203888,10.32158593,12.54444733,9.959404016,10.72988237,10.83225802,8.992640145,8.992640145,10.56597713,9.8387053,11.34864581,10.62877394,8.967617765,9.734981455,11.23585669,11.61956724,8.179426946,8.87167574,10.73740507,7.809525524,9.595729066,9.107269642999999,8.944832352999999,10.64709865,9.188888172999999,13.00671348,11.52570137,8.592678972,8.97380299,7.770789681,8.417487083,9.963691543,7.739879107999999,10.5098551,11.57295112,10.03608649,9.870850236,7.281679404,8.151797542,12.28896293,10.61702585,10.06506481,8.280981288,13.47384495,10.10926067,8.015815489,9.21281365,7.329960225,9.547048803,9.908333631,9.047177553,8.870056367,10.55762504,7.9096165560000005,9.790808199999999,11.566778300000001,10.33181152,8.231525688,8.937054489,8.275896365,9.903521528999999,7.0735172539999995,9.203714131,10.41474345,9.159705127999999
12.83731572,11.69364373,7.1885794999999995,10.09079874,11.60647604,6.867932865,9.124641331,8.317106942999999,7.603219132,11.77117626,7.718009372,8.292720565,10.50015377,7.208198806,11.0346455,7.127627315,6.928068721,11.80192738,8.882526887000001,8.767883169,9.063182402999999,9.485424381,9.171468842000001,7.355852911,7.882533692999999,8.536589923,7.77378914,8.527541842,10.34606141,9.613554875,10.87846148,11.615267300000001,11.12731627,7.011567041,7.968610732999999,7.5282989,7.376015645,6.791318525,7.874427237999999,7.162122441,12.69654377,7.3176097989999995,7.909360245,9.028923672000001,8.302056797999999,9.740161948999999,12.30508321,7.861049048,10.8244056,7.371220562,13.43054851,7.66318539,7.182176581,8.081940386,10.52929969,8.395356505,10.12985387,10.45367926,10.14685231,9.442954242,12.07658676,9.914384956000001,6.9919351999999995,7.709571824,6.9044831470000005,9.060895116000001,10.66412821,10.38534141,9.55734294,12.85721437,9.111860477,10.58227507,7.724263382999999,10.91922609,11.12878981,12.24007164,9.683408578,8.347415838,10.8448058,6.6104296279999994,10.42990597,11.94982824,8.70812773,8.131505843,10.22298348,8.385123169,8.684594688999999,12.37965953,7.567663776,9.531729582999999,10.73950086,10.41985104,8.51353689,8.448782992,8.183303862999999,10.63488783,8.331863347,6.664552873,11.93767054,6.89059823
7.011414069,13.22890161,6.646419348999999,10.42156264,6.979864900000001,7.324912945,11.81972659,8.613736011,10.13867548,12.97722459,6.840284873,10.63286641,8.845442953,7.4904453470000005,11.23585669,7.53260697,6.89124106,9.936017082000001,11.88039918,8.552821348,11.01959767,7.923417494,8.500390306,7.358690542000001,8.133470474,10.44080515,8.938500757,10.34531281,9.982450566,12.01407537,13.58751416,11.72446907,9.96916337,6.8176538870000005,10.59178077,8.288936971,7.823825247,6.776083177,7.831370838,7.75963713,11.36842334,10.00273582,7.794389962,7.77103307,8.797971966,10.84962286,9.720559241,8.609593817999999,7.3350458860000005,7.77103307,11.70533801,7.718422522000001,7.189745493999999,9.059765445,7.852586499,9.314995752,8.962158996,9.566774697,10.12695785,10.23665632,13.56400931,11.9196025,7.563405099,9.99969396,7.351394918,10.37707919,12.504059800000002,7.423305957,10.85424965,11.23134203,10.01846601,10.68889878,8.154127772,7.996124926,13.16611815,10.22868611,10.64096867,9.533588676,10.64409779,7.521862157999999,7.90891472,8.34283402,10.43498297,7.790628141,8.529028574,9.431079206,8.562063056,10.9342882,7.562309385,9.103828749,11.24817862,10.94311906,9.552736142999999,10.38110301,8.062904836,9.934846822999999,7.925273859,6.94691178,10.1414306,6.390384878
12.81058549,12.73944103,13.29693169,11.69616408,13.02975424,7.005478315,11.52376357,10.20633316,8.70812773,12.67987449,9.297057715,12.25270729,7.347239182999999,6.938596236,11.58340152,9.395440586,7.2652484589999995,10.64920412,11.38229878,10.78848906,13.03773493,7.70111618,10.89543245,6.980824837,8.087420076,8.952192743,8.758258435,11.67309604,12.57069314,10.70398968,11.00404958,11.16207683,10.53103586,6.849385269,8.833322753,10.64814298,9.040155326,6.908720699,7.435080963,7.1859339879999995,10.85424965,10.01602774,8.554511867999999,8.761090859,8.51353689,11.40225929,11.9641437,7.200218461,7.934390303,8.144049008,13.62537997,7.910535534,7.942319722000001,8.815969828,8.162817085,11.16988837,10.81404159,9.513751859,9.533110431,9.412418446,14.08345105,13.053214,8.775494492,8.384273186,6.900248876,10.06571153,9.816096311,7.351270697,12.18360134,12.36600378,11.99883138,9.784954077,8.397559896,7.556491547,14.14636787,10.91287615,10.26791544,8.451880066000001,10.57168196,7.715187069,7.822039402000001,8.318671239,9.323193362,7.57087191,9.058595574,10.55762504,8.387030977,12.68536163,7.891274853,8.827574595,11.81184389,12.55001354,9.626005145,10.56505805,8.345488512000001,11.05113529,7.677665986,7.01419073,10.63179151,9.569152545
6.840735058,12.60411387,11.57091975,12.37965953,10.53284312,7.931792845,9.91614648,7.716423647,8.126943757000001,12.55534555,11.18366567,9.886868011,9.963147402,7.478111468,12.38503373,7.77636476,7.3871950260000006,9.090363942,11.67760923,11.13560275,11.894884199999998,10.55860326,11.1329744,11.15611703,11.11851039,8.872653523,8.27905743,9.449581387,10.90035196,11.97366066,12.00187943,11.80926977,12.02038067,6.621966303,8.669095212,8.892197381,8.464518415,6.675430971,8.32203019,7.439742544,10.439974699999999,10.28898962,8.978367758,9.379258264,8.824844273,11.20523412,10.00384321,7.764967521,7.853716883,7.919230146,12.36148486,7.587744506,9.519232055,8.584219597,7.64555531,9.798339608,9.739150909,8.779777784,10.68458521,8.644781807000001,12.75808013,11.10398359,7.262507242000001,9.990375656,7.6432173489999995,10.57168196,12.22809513,7.291333304,10.52569218,11.51393704,9.829775032,11.13435773,7.84080597,7.808838617,12.52384585,10.06254416,10.17859574,9.310717503,10.37871239,7.556101489,7.724263382999999,9.015097375,8.749968145,7.6705902120000005,9.310717503,9.498494958,7.241699468999999,11.101011999999999,7.579206566,9.8880023,10.97916313,10.53013478,10.71971654,9.410733582,7.4538083770000005,9.643832738,7.014652531,6.882472027,11.09373948,10.07994701
7.060443807,7.738410409,6.595139709,8.712314242,7.429611885,11.47899071,7.290643048,9.725737656,10.36763782,9.158194805,7.1861714789999995,9.127970177,9.104993412999999,12.45160746,10.39770948,7.634126798,9.251040313999999,11.75863805,9.513751859,7.299471884,10.37954006,9.875375932999999,7.545399947999999,10.83795015,8.695964429,9.74179397,11.471156800000001,9.678308633,9.384001282,8.433851898,10.45616559,10.50015377,11.48813752,6.639569433999999,8.055315926,8.108371115,8.332631567,6.961402994,7.662796103,7.2402781979999995,9.486789625,8.716493365,7.727867697000001,9.683938072,10.69820475,10.67315823,11.6023883,8.057007327,8.701923603,9.137112388,12.43674467,8.667252193,8.426264521,10.045334800000001,10.00446692,8.469957143,9.002075221,11.36998174,9.866246919,9.447025669,12.89736215,11.31223086,6.821883415,7.03445669,11.02881304,8.057760961,9.456586547999999,10.23958831,11.042936099999999,11.19286406,9.698392282999999,8.812981807,7.047659916000001,10.10027462,12.42715351,11.75613984,8.675096974,8.817885676,11.24076564,7.319804648,9.897826334,10.75662317,8.58789161,8.836701687,9.01832456,9.346343114,8.707493938999999,12.30912873,8.286701241,9.425298117,11.12731627,10.46467226,8.470491633,8.676306237,9.587187872000001,10.35318232,6.624852874,6.974492992999999,11.08229177,6.858237891
11.1329744,11.9115298,7.011481251,10.62978109,9.96804841,7.534101787000001,8.43713115,6.977619971,8.176851673,13.13360859,9.824851114,8.401927107,11.68645999,8.146823727000001,10.61396586,7.3501938639999995,6.987017273999999,8.708456761,8.493525124,10.18960371,9.586729528,8.360606483,10.04795184,7.138545705,9.618036939,9.061236057,7.913518886,9.331568366,9.868523952,9.920399622,11.57091975,11.66569819,10.41556436,6.261942372,9.204114183,6.971801309,9.21482534,6.8081173999999995,7.723647483,10.16315124,11.79388302,9.681901931,7.613527187000001,7.7897730329999995,8.095410856,9.852289112000001,11.31223086,8.071062316,8.509540364,7.229734487999999,12.22078704,7.75963713,7.26693448,7.840341039,8.713669134,8.266332577,8.500995341,8.565016961,10.35713984,10.6660846,11.75352099,10.28586679,7.0660966489999995,9.567788903,6.61722135,9.536852365,12.12930028,8.078238119,9.475107534,12.04377355,8.730672302,9.877803933,8.830252426,9.000940586,11.67760923,11.00404958,11.71714399,9.132922054,9.466662259,6.793560191,8.96931205,9.356380991,8.923242235,7.895902992999999,10.20916635,8.302601016,8.044893161000001,10.718630099999999,7.043519057,10.223717500000001,10.26643615,9.118381759,9.132922054,8.645057754,6.908720699,9.660552865,7.439897495,6.503950034,10.5212339,6.7400554370000005
10.02882045,11.34341842,6.358795242,10.98592826,9.958778333,8.826859905,10.07098936,6.793369292,12.57598457,11.77625536,7.481187461,6.933524087,8.085216902,7.388358533,8.996289415,11.95554123,9.071851427999999,9.20883614,9.935431027,9.013331592,9.684412952,10.62877394,9.35943831,9.894921662,10.42906405,12.54444733,11.46201879,11.16815465,10.42411172,10.78964653,11.03586159,11.85776682,10.78493009,8.311752777,10.78385881,8.775494492,9.807385502,7.841421215,11.305547599999999,8.164337226,10.667104199999999,10.26643615,11.53973895,8.820220904,11.49008572,10.23156024,9.150214033,12.22078704,9.362379124,9.135185944,11.22515663,11.27246617,9.363654979,9.526016637,7.253621247000001,7.957713592999999,9.955655327,10.82970597,11.65218109,7.584071365,9.840416492000001,10.24383576,9.059034844,9.431481986,11.85183271,9.751215782000001,11.46567281,7.502622177,10.56418265,12.23611709,9.55734294,9.316963723999999,8.408654704,7.234443947999999,10.76501398,10.17564846,9.033516844,9.275278961,10.56320148,7.304401779,7.542486625,8.632242853,9.134430865,10.38201482,8.145825135,9.232456828,8.366338224,10.25032453,8.632847658,10.10373981,10.26410412,9.729885859,9.060155388,9.716508592,8.060719899,8.138051707,8.624876541,7.038441961,10.69917385,8.091181671000001
8.998751466,12.78333657,6.888347885,12.61459353,9.942629212,8.654721606,11.482581199999998,7.050462287999999,10.37001,13.15015465,7.364060339,9.243345352,10.84962286,7.513161529,10.80731928,8.626085105,8.343889948,7.892715003999999,10.037282800000002,10.85545768,9.938364235,8.804721905,10.62978109,7.937704727000001,9.028191672,10.67818979,10.06254416,12.64775045,12.92428736,11.82780244,12.31359006,12.79716678,9.892633285,6.7559597810000005,10.86735711,10.53641741,9.27848956,6.831019179,10.14000652,7.727867697000001,10.37155723,8.898926889,8.926123452999999,7.2078175170000005,8.595572064,9.141332268,9.453969631,9.201069776,8.652802758,7.539807087000001,12.81058549,8.89047137,8.33129457,8.249308127,6.9092365110000005,8.912165576,8.315407622,8.446245929,13.46286697,8.192423616000001,11.96130418,10.44239788,8.32910641,10.33816108,7.9096165560000005,8.76914382,11.877576800000002,7.510053899,9.555926624,10.203394300000001,9.085870081,9.651200968,8.327493023999999,7.009360431,11.74862078,10.23156024,10.92553097,11.3771776,9.474214893,7.232908591,7.2774909160000005,7.781229607999999,10.54836467,8.955581732,7.607055376,8.188061253999999,8.847773216,9.421308436,8.2741071,9.35686219,9.463415578,9.421804718999999,9.269282361,10.56961789,7.152825931000001,9.226062907000001,10.18561218,6.957880052,10.23733936,7.121314214
13.45205599,9.900053795,9.543788787,11.95279417,8.003374232,7.401979632000001,10.72764719,10.38288955,7.724263382999999,12.42715351,6.6671559060000005,10.3652279,7.131956665,7.33399427,11.21892736,7.336334089,7.036123404,10.86253264,9.796251826,9.051963479,10.79741165,9.264138829,8.863203723,6.835359853,7.735599195,8.43713115,8.007070407999999,9.221556301,10.19026029,11.23450773,11.75863805,12.28896293,10.70717671,6.4365457479999995,8.842746066,7.4375319079999995,7.44594749,6.742214606,7.5047969310000004,9.938954131000001,11.66133201,9.134070381,7.5087940170000005,10.23531878,9.333316898,10.71334211,12.46994198,8.210032092999999,7.19975264,9.614499407,14.72569068,7.519056516,8.669359375,8.104252711,8.981254486000001,9.530814657999999,7.930385881,9.104224448,9.905957504,10.16247069,12.75808013,11.81456361,8.763692161,9.178046222,6.843043122,9.508018095,10.95892244,9.691059997,10.89543245,13.58751416,10.14833679,10.40089701,7.325307917000001,9.08183266,12.49405224,12.24871622,10.14000652,9.646304485,10.43650306,6.9036650989999995,9.240124268999999,10.52212579,8.698765737,8.747181487999999,10.06191901,9.224000828,6.781383643,12.99894831,6.882991662999999,9.529858966,11.48093452,10.69189055,8.372325455,10.31088685,7.928009734,11.42284266,7.76933095,7.777049197,11.28398994,6.781383643
12.64158126,7.390868802000001,8.154897917000001,11.4415547,9.809044505,7.8324788860000005,7.009883163,8.949092797999999,9.506670745,8.418893041,6.85493034,8.048247007999999,9.614030112,8.397559896,10.09152987,8.175387217,7.4099614129999996,14.56328076,7.559146273,6.971181758999999,13.33675624,8.890121415,7.23973651,7.3428547470000005,11.86372038,8.254161525,10.79074196,8.994127388999999,11.12287688,7.34004346,10.7363299,7.595620179,12.49899992,6.749749052,7.630010029,10.78603417,8.496677704,6.798922768,8.220559206,6.642389103999999,10.38534141,8.689461419,8.590606782,9.021921591,8.515301118,13.84304746,11.14114454,7.476445478,7.84948042,7.6133325439999995,13.32647376,8.178166137,7.103717154,11.06885615,8.391155277000001,11.19716866,11.46567281,9.639393966,10.22942344,9.232822503,14.59817651,11.34690996,6.747334649,7.351757139,7.044627996,7.041817462000001,8.937054489,7.74822704,13.15015465,13.49574623,12.77699278,9.096491906,7.038042681,8.728132383,13.99023246,12.28483565,9.039420323,9.549454991000001,12.26070214,7.8940856539999995,8.057760961,10.43574303,7.860848099,11.92606798,11.45657101,11.04833045,7.34192022,12.71430856,7.578270705,9.491710657,14.12381579,14.33903072,7.492009637000001,9.977014975,8.568828259,11.99883138,6.9261378670000004,7.064337678999999,14.63491968,7.2355187160000005
12.20939865,8.118257627,12.31359006,7.742827482999999,10.56229378,10.71334211,9.582266494,11.21735498,11.27889886,9.541996815,7.328608547999999,10.50455153,10.88926719,12.66926955,11.30714913,9.35261084,7.176791164,11.93483453,10.48575232,7.190482783999999,10.25092428,8.708747301,7.571029902,10.29417374,8.171876111,8.782634665,10.465539300000001,10.91029052,10.65819061,7.800326538999999,9.913747913,11.29387802,11.04577442,6.683841651,8.329960692,8.837003988,8.882163067,6.415457716000001,8.212703596,7.548725772,10.38033272,8.075916688,9.07702733,8.935215085,11.05509405,10.75006358,12.09074346,8.932508802000001,7.843015011,9.055716628999999,13.47384495,9.340049428,8.020771497,9.121898757,10.36286584,9.507127017,9.700408892999999,11.01181999,10.19236913,9.35261084,13.25699948,11.57295112,6.904369866000001,7.262507242000001,8.238988536,7.441553734,9.120311414,9.766260877,10.72364205,12.91811699,10.26566659,8.998751466,6.870477311,10.20277819,13.053214,11.24817862,8.703418116,9.195204687999999,11.24076564,7.5433621010000005,9.633114785,10.18137705,8.232575766,9.248599775,9.410733582,8.923987821,7.737337682000001,12.15090446,8.715515029,8.80033939,12.22432397,10.73202766,8.158548693,8.99197108,9.3467442,10.77697802,6.799340888,7.021197691,10.44846056,7.094400381
6.833420055,8.719980879,6.481229869,9.202655405,12.78333657,9.678308633,8.32203019,11.4415547,8.6003845,9.731889195,6.9581846810000005,8.540154022000001,9.375711754,6.563022458,9.345073564,7.76588054,9.956877357,11.43212874,7.964658279,7.5775476710000005,9.523670467,11.06196475,7.938609189,8.624876541,8.131243492000001,9.287568256,9.572807437,9.49768782,9.114556438,8.042037014,9.330310363999999,11.25300939,11.40415578,6.79180733,8.396180742,8.081694694,7.41430495,6.486742706,8.069103876,7.759836554,10.28973529,8.701328577,7.3806867689999995,10.71971654,12.09731119,9.691059997,12.70833708,7.730361902,7.331582232000001,11.51972398,13.891404099999999,7.5147203320000004,9.354268549,11.12731627,10.1588172,8.85249816,9.393777484,11.45097606,8.898926889,9.707070537,13.8597081,10.10642172,6.921943747,7.212965235,9.178427481,7.345450727,11.01058096,10.68458521,10.3468479,12.33497957,9.615483917,9.996630667,7.065807997,10.32395072,11.24817862,12.38987038,8.288385598,7.910535534,11.85776682,8.631457954,10.17019151,11.93191137,8.090677908,9.641806876,9.669435518,9.033162883,7.189661652000001,12.79059753,7.544667877,10.02556095,11.56279786,10.32158593,8.812325539,7.714356997,8.80898274,11.14730911,7.622427726000001,6.761488895,11.62596719,6.928803868999999
10.86856385,7.918318102000001,7.895019552000001,7.682874562,11.29894968,11.14730911,6.753336927,10.23306342,8.97380299,8.440198181,7.395218885,10.26566659,11.67982,9.98741262,11.19428619,8.070093027,7.1111869720000005,9.926897614,11.96739508,6.573569947999999,10.005144,7.743530152000001,6.929647489,11.82487411,8.369950054,9.732405195,11.40583192,9.939561933,9.024097609,10.37707919,10.9778232,10.77475152,11.98327581,6.451495863,8.006113337,8.16003616,8.601294079,6.742948289,7.411519654,7.17137563,9.889677187,8.490602782,7.922020207,9.715488122,10.93562656,10.59947191,10.79636548,7.785087595,7.880813149,8.904226795,12.50915002,7.746542097000001,7.861288075,8.722078422000001,7.432650205,9.235640112999999,8.924750588,10.203394300000001,8.483920863,10.30476707,13.3679068,11.33633481,7.004666946,7.063924649,7.705648721,8.222937802999999,9.065294675,7.2792263539999995,10.03544188,10.12285793,9.007069992,8.850440479,6.94047865,8.206680209,12.40858656,10.15812586,7.883683531,9.535994928,10.75115943,9.503944707,7.687720688,8.825859449,7.695519269,8.687146255,8.870706345,8.913914574,7.34217453,11.22988916,8.398922537999999,8.838005911,12.48895415,10.05113193,8.245006942,8.120319688,9.673618195,10.36918846,7.106971255,7.204183173,9.277679967000001,7.077152961
6.967075372999999,12.88983033,6.785710458,11.74862078,11.15611703,8.417193229,9.586729528,8.005088387,11.00147261,13.04548117,7.653531591,8.897563314,9.876656777,7.002900596,10.58802598,10.15382734,7.953229642,9.139818836,10.50719728,11.01058096,10.57360388,8.807045472,10.76291488,7.3672801660000005,9.054194738,10.72459157,10.30331427,11.14577966,10.12910517,11.24076564,11.60018194,11.91669562,8.793518918,12.15450558,10.02882045,10.04795184,9.481773443,6.963397661,10.94552122,7.897902426,12.09074346,9.28592128,9.416830272,9.173340972,9.185334258,9.733429694,10.60906675,9.330310363999999,8.595311395,8.473039346,14.14636787,9.072221408999999,7.95235245,9.31239404,8.043220225,8.789608767,9.295058272,9.689984411000001,12.46994198,8.705295637,12.64158126,10.94670733,8.484219214,9.643363835,8.719335545,9.795762991,11.26934453,7.61074486,10.667104199999999,12.01106955,9.998543096,11.06472991,7.756275893,7.579206566,12.22078704,11.08532442,11.33471131,10.57071929,10.928079400000001,7.685144479,7.826271393,8.172614684,10.31569131,8.743696008999999,9.257492895,8.831607482,8.643643313,9.847231703,7.783116303,10.24884129,10.08471629,10.21719481,9.396364987,9.897266999,7.653344271,9.499388344,8.772299827000001,7.453465897999999,10.282051300000001,7.3242778820000005
6.986916115,9.864556391,6.719832153,12.14735243,11.00015902,8.479788375,10.99761925,10.80161714,10.00940326,11.99578154,8.52235388,10.42068761,8.714573206,7.1692662270000005,11.97666898,13.45205599,11.59371473,10.62877394,9.009669958,10.45367926,12.13979876,8.954222949,10.81736499,8.847773216,8.358660415,11.14577966,9.456122295,11.45845877,11.10239711,12.25270729,10.83340077,11.82780244,9.908899695,7.50366693,10.11688107,8.776459402,8.672598098,11.27246617,8.434660117,10.3326878,10.75560049,9.257885963,8.745648405,10.47317714,9.126111111,12.03000347,10.49826378,8.52532642,8.050386626,9.280204112,12.71430856,8.111926641,8.41581647,8.98517652,8.559036653,9.955085137000001,9.949882477000001,9.890814597,10.83097257,8.652802758,14.31166121,11.84912249,8.463087927,8.626085105,7.639283148,9.682857245,11.60877493,8.243237336,10.78385881,11.19575503,11.09231096,10.44162723,7.309863952000001,8.37550629,13.58751416,10.16379877,9.10108348,10.29939277,12.46030819,8.439938643,8.132729943,9.256264897000001,8.229616895,9.073323916,9.774875459,11.042936099999999,7.4963496570000006,10.89170525,8.545381392000001,9.384422446,12.43674467,11.497869699999999,8.727549509,9.662200031,7.683719054,9.934846822999999,7.247903129,7.111046536,10.26184248,9.012927492000001
11.35760197,7.471210297000001,11.57091975,8.98517652,11.37892834,8.509224988,8.100823145,9.96490782,13.46286697,9.10805504,7.395218885,11.80926977,9.575214703,6.732760882999999,12.97722459,9.325351777,9.839837218,12.39436997,9.376609334,7.191302392000001,12.89736215,8.35477341,7.394220542,9.273998759,8.546566367999999,10.61294845,10.92172626,10.618917,9.467911575,10.54742233,11.09804972,11.60647604,10.98592826,6.753430386000001,9.606034192000001,9.168714946,9.28255203,6.725763268,8.46279267,7.1430055889999995,8.94631063,7.87011569,8.974167216,8.803707503,9.778778894,12.53482304,10.63488783,9.475956811,8.562063056,11.06330609,12.82998084,8.585089189,7.14498322,9.953129286,8.634689952,10.940544000000001,10.17291737,10.63179151,9.490811458,8.527003997000001,14.31166121,12.65292908,6.7559597810000005,7.879243419,7.55068608,8.141222776000001,10.35556409,9.192824885,12.00494429,11.64750647,11.72684391,10.13522797,6.819527667000001,8.855078066,13.637522500000001,11.18823454,9.075903523,8.98769894,11.44332235,8.581244047,8.718076379,9.947368978,7.925491201,11.27742037,10.005144,11.31778037,7.657743065,11.33296211,7.802455629,9.200275755,13.37890901,11.97366066,8.413631032,8.87699179,8.2741071,10.35963458,6.959123306,7.389400644,11.07018636,8.057494247000001
6.957087012000001,11.6236284,6.747177812,11.26420754,10.01066069,8.537143702,9.14792176,7.071184685,10.11944833,12.1111595,7.380512502,8.698765737,9.749159165,6.874716222000001,12.62000801,11.48093452,7.304933033999999,8.237503528,7.994588488,8.726574405,11.64522638,12.06022733,8.844121261,7.499211834,8.620621519,12.72041255,10.74268596,11.45097606,12.55534555,10.27232587,10.90655563,10.47225787,10.50280543,7.812644287,9.596698001,9.194370065,10.68570484,6.743886797,11.04706176,7.4980376710000005,10.18561218,9.913747913,11.16988837,7.971003625,8.929938094,11.43212874,9.907193705,11.46390789,9.674096583999999,7.287641151,12.07313677,10.60221681,9.137515808,9.281396609,7.823148057,9.246157735,11.41871165,10.62384692,11.03853754,8.018750736,12.66330881,12.37056712,6.829931854,9.312831087000001,9.435452693,9.593364905,11.014443,7.274955262000001,11.65674706,11.68904479,11.29068007,9.719034492999999,7.357246936,7.829394332000001,13.30661879,11.93767054,9.714854457000001,9.636001138,10.98732972,8.247070755,7.869005746,10.07350988,8.86223849,8.344433334,9.197972885,9.074056886000001,8.93918663,10.97038938,7.887801799,9.589945665,11.07962712,11.36666977,9.702437474,9.213623228,7.537809227,9.657058914,9.102984947000001,6.7645087,10.34375775,7.017984066
11.99268103,8.176619835,8.135513344,7.51390346,7.463612821,9.100720271,10.16875342,11.67049547,8.590051257,7.831785204,8.408951967,10.77045493,9.173340972,6.812464599,11.52570137,8.264193059,8.358660415,9.668495732,9.089619004,7.16239415,10.78848906,9.130261812,7.380074183,8.045366881,8.022707497,8.557527463,11.67982,10.29117748,9.543788787,11.10823942,9.195204687999999,10.75560049,12.76419937,6.742709838,8.047048063,8.275661347,8.64273934,6.846012053,7.640043747999999,10.12558155,8.362249596,8.339822811,7.655696117000001,10.98973371,9.185334258,11.32454723,11.88637557,8.179426946,7.858242784,8.853816445,12.52384585,9.020154335,7.637733787,9.042315298,9.232456828,9.745957468,9.348943457999999,10.00086334,9.806829296,9.654708702999999,12.67482823,11.47308696,6.99739878,7.0591944589999995,7.934129534,7.743955284,9.625456974,9.381403642999999,9.58311009,11.23134203,9.716508592,8.162570131,7.242325042999999,9.537262051,12.79716678,11.17871411,8.385968571,8.301561686,10.48843398,8.288096895,9.329469665,10.52300116,9.088839418,8.801370985,9.169500232999999,8.871333241,7.53260697,11.9196025,7.447882718,9.357279593,11.65885726,10.67221985,7.454470809,7.8216165779999995,9.179944137,10.98188262,6.901182903,7.879706238,10.60804178,6.968172212000001
6.830811656,10.16247069,6.843438487,10.31244297,10.40506367,7.775695027,10.18060347,11.285671800000001,8.131505843,12.81058549,8.392584199999998,11.71944873,8.995205188,6.868040014,9.857478448,7.906965791,7.76114091,10.0473769,9.18417169,9.574705193,13.25699948,7.86379937,10.02489901,8.546867447999999,8.165092754,9.540190074,8.637081295,11.08943916,11.52964963,10.2431834,10.58802598,11.67309604,9.805131852999999,6.892546952999999,9.24175738,9.621617172999999,8.39175481,7.592569988999999,8.040569522,10.33181152,10.63179151,10.08743874,8.656507664,9.271460207999999,9.260445062999999,11.88932827,10.74695003,8.235640914,7.50179898,8.171304889,12.87650965,8.479490182000001,8.588801878,10.897967300000001,9.459292922000001,11.11433986,10.4000612,9.866805093,10.80506066,12.2444573,14.1902371,13.1937799,7.479299811000001,9.058248257,7.227488108999999,8.716164755,10.47143882,7.854193502,12.41767543,12.24871622,11.35760197,8.703418116,7.207351471,8.895513665,14.16903737,10.63488783,12.23611709,12.20939865,9.997968227000001,8.212703596,8.536869735,8.76914382,9.297057715,8.066081711,9.063182402999999,10.03789695,7.575047627000001,11.69364373,8.543367685,8.760437342000001,12.14735243,11.93767054,8.565890032999999,11.28398994,7.829394332000001,11.15611703,7.546346708,7.423305957,10.01725659,6.829002096
10.37552083,8.048699342,11.10978445,8.825181894,11.50763007,9.744420663,9.385722900000001,10.78603417,11.00147261,9.74069672,9.616004449,11.14730911,9.082228164,6.912219841000001,12.46520849,11.74402721,11.45845877,11.13704685,9.233654637,9.113793563,11.88932827,10.11056836,9.49768782,9.984374778,8.373798551,10.48669071,9.255508363999999,10.17564846,10.071655400000001,11.42070369,11.75863805,11.22662271,10.2431834,6.641505573,8.695027844,9.230403656,7.321787153,12.39436997,7.928991031,11.35393517,10.43498297,9.236436099999999,8.248193563,9.785507947000001,10.0976283,11.26420754,10.7216892,8.095903336000001,6.943028119,8.847442701,12.70255304,7.82115643,7.318604347999999,9.844354646000001,7.840095185,10.19301489,9.404101314,10.20218627,10.23008554,8.08914173,14.28816135,12.26510211,7.444755065,7.8589591,8.527236862999999,7.3806867689999995,9.580522445,8.030262346,10.59752013,10.91029052,11.30877376,10.04288337,6.922991228,8.218130697000001,13.73145648,10.64003562,8.960287387000001,9.443867547,11.17417686,9.595264773,7.999535288,8.782291304,7.318604347999999,7.83338454,9.041225153,10.18629317,6.683604767,10.94794656,7.358393743,9.380130821,12.143702099999999,11.47308696,8.688349301,8.990884722999999,9.259594071,10.7256259,6.732350075,10.19999462,9.28592128,7.09629134
12.066351199999998,9.948597601,6.660628478,11.9866367,7.330751187000001,11.232878999999999,8.654721606,11.62820626,10.21933381,11.97060974,11.191389,10.17637491,8.186224326,6.96625991,10.45367926,8.621518706,7.9997752879999995,9.716508592,9.015451696,8.215582898,11.04446941,8.912866602000001,8.202290872999999,7.556881314,9.130670301,10.39529176,8.90276747,9.932332005,10.88330139,10.72076929,9.558335408,12.2444573,11.52754775,6.821713834,9.188888172999999,8.072029497,9.008577271,6.628914528999999,8.918483372,9.573242452,12.04713107,9.678796746,9.191270473,8.625816982,8.87039435,11.20355732,11.721884800000002,8.288385598,8.445348683999999,7.738819915,13.32647376,8.394524403,8.219488008999999,8.867982665,8.992640145,10.21933381,11.32115849,8.994127388999999,11.08943916,9.580522445,13.891404099999999,12.18360134,7.446926932,9.830852248,8.063628517,8.201780672,11.93483453,8.150833618,10.69917385,11.71714399,10.43237745,9.081077783,9.412418446,9.396364987,13.126010199999998,10.26042055,9.345073564,9.443418645,10.75870002,7.359821585,8.964676907000001,9.692164432,9.567257762,9.156960567999999,9.412418446,7.585028503999999,7.919454986,11.85776682,8.861923135,10.38700725,11.92606798,11.51776836,8.37849391,9.548512435,7.783554735,9.866805093,7.471210297000001,6.905512475,9.526016637,6.741501542999999
10.94552122,12.8170957,10.99494869,12.62000801,9.201872537,6.828805127000001,11.93483453,7.648323496000001,7.5467159,12.07313677,10.55396494,10.19372552,11.79388302,7.938868078,12.17664446,8.995928096,7.650521472,8.573531312,12.34843187,7.967877408,11.51972398,9.461566357,7.807237558,6.821972011000001,7.8517201629999995,9.024097609,9.153758400000001,10.61001233,10.74268596,12.47887932,12.54444733,12.59296546,11.50559146,6.982428411,10.30476707,9.38693715,8.286146549,6.721775032999999,8.81393976,7.570534212999999,12.04713107,9.478160225,8.833946307,7.914649563999999,7.843015011,11.11716577,9.12151552,8.93918663,7.607399888,7.751417579,11.59799703,8.202818287000001,7.544306352,7.78444844,7.410234851,10.1372613,10.240292199999999,8.031818308,11.65453142,8.878004547,13.50572504,11.69616408,7.27172379,10.55860326,7.176505586,10.26873245,11.49389466,7.5467159,10.66117653,11.13435773,9.989750903,11.33974987,8.913914574,7.772916703,12.96142433,10.08471629,10.79519788,9.263716901,9.351814155,7.385604125,7.967877408,8.575887147000001,9.31326695,9.416830272,8.521439641,8.989423899,7.152890863,11.12731627,6.987344729,9.508966905,11.58755287,11.00264305,9.876656777,9.515108841,7.542814344,9.334591927,8.122403628999999,6.6985713229999995,9.778261347,7.259471181
10.62770717,13.43054851,11.4415547,13.23822132,9.292218319,7.534610161,8.047252588,7.310233461,7.486873698999999,13.02195037,8.749683382,9.188509157,10.55762504,6.797545678,10.15949323,7.880120513,6.897524572999999,8.619450489,8.790549711,8.950433561,9.678796746,10.10373981,9.041225153,7.283849332999999,8.130723925,9.388602066,7.515315794,10.693893300000001,10.73950086,11.77117626,10.17637491,11.17566333,11.66816945,6.948345149,7.795278504,11.44332235,8.583595869,7.503872686,9.926313243,7.974781413,11.40034723,10.10861783,7.51924799,7.912851534,7.982143826000001,9.602329995,9.878898619,7.900228402000001,7.763955016000001,7.050281117999999,11.66569819,7.494104827,6.879858939,7.42285911,7.326753987999999,9.091488027,7.996401884,9.457909192,11.22818738,8.796993033,12.12587469,10.32079175,8.943066623,9.540190074,6.7672184170000005,10.07412542,12.86353696,7.189661652000001,9.049041928,10.30174731,8.936295171,9.412418446,10.20147821,7.6899670570000005,11.73669764,10.52030955,10.07667382,9.769997863,9.10805504,8.072847316,7.423778989,9.327057099,10.52846139,7.609542936,10.09831056,8.19368348,7.323422371,11.11994321,7.626056742,9.752864535,10.4739987,9.61858909,9.126111111,9.271460207999999,8.286987437999999,10.39292243,8.763692161,7.007345827000001,11.16988837,9.592424218
6.888238009,12.22809513,6.756785523,10.96916151,10.02115538,7.538162746,8.281247208,7.058900572000001,9.628564543,13.0852804,11.9115298,9.338381038,8.99197108,7.103122529,10.22942344,7.318252703,7.389654429,7.380221502,9.005646919,7.97285617,9.394588444,8.328574579,8.181243266000001,7.520691232999999,7.981916244,9.915510519,8.254679794,10.54552078,9.166701248999999,11.11573631,11.07803772,10.93562656,9.505719277999999,6.514429347999999,10.09896422,10.45698441,10.147575300000002,6.8895417839999995,8.583911072000001,8.312807815,11.1576601,9.806829296,7.425692268,8.706235822,11.05378203,9.937803596,10.29417374,8.450204451,9.597617757,8.216385762,11.45657101,7.457643999,8.390870623,9.482186996,8.256253093,8.54043028,7.763955016000001,9.195578607,10.61986212,8.98769894,11.88335246,10.94670733,6.950393276000001,9.603775192999999,7.277237749,10.3326878,11.51393704,7.569397345,10.09831056,11.05243218,9.574207221,9.659109887,9.449141673,8.519708204,11.76375392,9.995406809,9.681901931,8.667252193,10.18960371,7.590929547000001,8.10725386,8.810665204,9.385335384,8.119291836,8.799287923,7.986797042999999,9.24175738,10.01914712,7.0640496189999995,9.437650382000001,9.978884828,9.760295473,11.94090942,9.6798414,9.442954242,9.353870994,6.998102799,6.847043824,9.431079206,8.349045415
7.19085689,13.78372126,6.58328228,12.47416214,11.32977503,7.411199166,10.23531878,7.750955789,8.120089851,13.92215862,9.360732356,9.087362663,11.48454263,12.60923337,10.69501215,7.095306655,7.0811593429999995,9.535509557000001,11.45657101,10.29487598,9.27893439,7.768014711,10.42990597,6.89043645,8.029005665,9.183810433,7.466603867999999,11.76623653,10.53641741,11.44332235,13.637522500000001,12.96142433,9.484514206,6.759907546,11.38392641,7.949916116,8.972071086,6.813980647,8.012714761,8.189299183,12.55001354,9.126860068,7.69255796,7.677665986,8.503094347000001,9.577630808,10.64606744,7.9541738870000005,8.061208377,7.195753806,13.69090654,7.757118514,6.9886352810000005,7.6387287839999995,8.207985164,8.503428685,8.518601807000001,9.427577669,12.03000347,9.325776308,12.66926955,10.54742233,6.599319396,9.93292553,7.073034797,9.459758045,11.66133201,7.790407346,10.30626024,9.918068445,9.479959461,9.709102142,7.726586062999999,8.030262346,12.15810335,9.731889195,11.46567281,8.098810287000001,9.793622947000001,7.40065132,7.53795851,8.09742539,10.4965575,7.8779059270000005,8.327736448,8.163603038,8.224772972,9.642860491,7.689093062,8.633758099,9.990981047,9.800635051,10.42156264,9.821519886,7.1686314929999995,9.640787205,9.834908897,6.816031864,10.77253226,7.115553482999999
11.78110578,10.67818979,7.286935338999999,11.88335246,11.35573354,7.86285423,8.659601932000001,7.226474099,7.639283148,12.68536163,8.731580191,8.157782436,9.147127416,7.119031783,9.304584647,8.56062429,7.292042174,9.141332268,9.063881859,9.78217744,10.94794656,8.613444157,9.783309182,7.094400381,8.829280782,8.975537691,8.989423899,10.8128039,12.57598457,10.41890443,11.52570137,11.18981311,9.530342762,7.1350512870000005,9.131024445,7.682467837999999,9.226862367,7.073906168,8.889492749,8.295099894,11.43965125,9.372212851,9.956172791,8.333142433999999,7.6724556029999995,9.819896052,11.01181999,7.892715003999999,7.792568686,7.468624419,12.80385362,8.741058662999999,7.354773084,7.945164235,10.17152051,8.845758176,10.9845341,9.316559023,10.73434445,9.409776895,12.20175755,11.786359599999999,8.996649326,9.516485184,7.697371121000001,8.864205887999999,10.78385881,7.939781225,10.67221985,12.28069372,10.51174937,9.684412952,7.343704138,9.355590962,12.88291183,11.59371473,9.140230962,10.24884129,11.40934303,7.1504692389999995,10.02630196,8.640078092000001,9.212026274,7.040145041000001,8.143499951,8.442485053,7.923417494,12.2444573,7.871241829,9.827704445,9.716508592,11.96130418,8.006113337,8.992640145,7.342282042000001,10.85545768,6.624502883,6.8029750810000005,10.11688107,6.876783357000001
10.39529176,13.00671348,7.474902062000001,12.45160746,7.141944108,7.753945992999999,9.218670901,8.198126181000001,9.642860491,12.42715351,7.658967593,11.19716866,11.12731627,10.89543245,11.63458179,8.294253916,10.27452945,12.88291183,11.81972659,9.155762395,11.58130098,9.570514251,9.463415578,9.097877746,9.426678097,9.84100345,10.11126253,12.636229,9.910066121,11.471156800000001,11.15174464,11.02624129,10.58514215,7.634126798,10.27985077,8.877337471,10.13118677,6.532542425,9.981254076,7.469892374,10.16455344,11.05919851,9.297057715,10.78848906,8.9381536,11.50559146,9.49768782,8.283158625,8.540927711,7.863323012,11.22818738,8.349304265,7.387522576,8.376532393,7.423451892999999,10.56047277,10.50719728,10.0473769,10.83097257,8.817562396,13.62537997,12.07313677,8.273053356,9.139438483,7.800106304,9.854013371,11.61094028,7.370335712,10.56961789,11.46201879,10.33430825,10.62978109,8.760104049,7.698200643,13.38960707,9.631062709,9.722638947,10.4138948,10.92172626,7.950676808,7.362384707,8.49751203,8.93490292,8.628218737000001,11.93191137,8.910483861,8.234619191,11.03021102,7.632408497,9.21482534,11.90285706,12.47887932,9.428020618,10.05941606,7.558836365,10.05368348,7.2470391670000005,6.8882539220000005,12.67482823,8.472436598
6.98888313,11.71450288,6.871941242,11.61956724,11.14730911,10.09079874,9.348943457999999,7.058067974,12.48895415,12.18705036,8.498064298,6.936152094,9.296294056,7.786965218,9.659109887,9.16992526,8.397050595,10.04795184,10.92294395,9.031108662000001,9.404101314,10.81404159,9.392050044,9.463906818,10.72877653,13.06154429,11.2496996,12.03356225,11.50559146,11.46567281,12.32250968,12.05020156,11.08805157,12.1111595,10.82970597,8.988378061,11.96130418,7.078287686,10.5889453,7.98236662,11.31956007,10.26717789,9.389861896000001,7.87349068,11.5960159,9.769461817,9.759737559,9.589050698,10.91810338,9.288409742999999,11.83024481,8.97380299,9.737535979,10.0473769,8.272799642,8.16003616,10.79519788,11.19716866,11.45269513,8.484502221,11.0965414,9.928120697,8.309106707,8.989110354,9.320740748,9.383589983,11.94689061,7.662796103,9.662708685,11.67527815,10.06645086,9.334591927,9.115267824,8.075414885,10.928079400000001,10.17713551,9.94019624,9.016525777,10.85075975,8.090907435,7.71352537,9.119122336,9.719034492999999,10.17564846,8.662682074,9.06238018,9.755918141,11.21420903,9.846088602,10.12217274,10.94913979,10.62978109,8.804721905,10.19516655,8.621206822000001,9.296294056,8.853195788999999,7.136011807,11.52182856,6.810808512
7.189112357999999,8.301799357,6.6850946989999995,8.007583881,7.070923642,10.32158593,6.988036087999999,7.914870085,9.864556391,9.346343114,6.921448425,7.957206178,8.373245509,6.9569735239999995,8.450204451,8.950433561,8.241412333,11.37892834,9.38693715,7.162904844,9.436790135,8.465718347000001,7.171448539,10.15104064,7.989437178999999,10.51347157,10.87721866,10.76390257,10.41300465,8.53111266,9.428869374,10.33666039,10.15313468,7.024752178,7.865362731,7.218882214,8.586064132999999,6.834139917000001,8.516195258,7.21471883,9.289635346,7.985538481,9.327871333,8.84342439,8.120089851,9.337150362000001,11.60877493,8.69134563,7.368020369,9.00782017,13.55224073,8.548931877000001,7.090405881000001,8.650590927,10.65014803,8.590606782,10.88211565,9.252598107,10.01535162,9.530342762,11.94982824,10.49567774,6.926764917000001,7.233590207000001,7.4152724370000005,8.031313067000001,9.335824008,10.17637491,9.960002141,11.32272039,9.170791223,8.006597722999999,6.992721327999999,10.80614763,11.51776836,11.31956007,8.619450489,9.201495434,11.41122205,8.369679936,10.96655694,10.92048518,8.39061916,9.255508363999999,8.756995625,8.179674823,7.007484297,12.504059800000002,9.088494466,9.607520921,10.79300306,11.23450773,8.306555269,7.906965791,9.232822503,9.674096583999999,7.846939634,6.993822316,10.30848452,6.795747405
11.06472991,11.77381646,6.809532496,12.18360134,7.048878623999999,9.435919882,8.079991345,9.474214893,11.49598381,11.66816945,9.26000018,10.66807881,10.71235618,7.097944978999999,12.39436997,9.413719477999999,8.047252588,9.563070428,10.08338301,11.11287145,11.96130418,8.700996443,11.33296211,8.641520741,8.239253665,11.761206699999999,10.30094146,11.46929759,11.79651465,11.51586466,12.08350553,11.46567281,11.28398994,8.98160553,9.373081642999999,8.888511322000001,13.51730952,6.935119964,9.004951314,7.655307295,10.733172300000001,8.771984448,9.603775192999999,7.67040993,10.147575300000002,11.50763007,10.42648495,9.806288239,12.78333657,8.059747655,12.05716816,8.724975873,7.822757599,9.456122295,7.902802649,9.800635051,10.780374900000002,10.17859574,11.23134203,8.256790302,13.126010199999998,11.80665031,7.280154583,9.811759494,8.562904425,8.486965536,10.67719178,7.6044249520000005,11.41315588,11.61747325,10.68234709,10.34772063,7.873293295,8.225024628,13.06154429,10.52929969,9.643363835,9.664785933,10.88926719,7.634762176000001,7.7656443589999995,9.397669571,8.973125235,10.36918846,9.031832458,10.01240321,11.85183271,11.497869699999999,9.203368511,9.614986498,11.35760197,11.10540647,9.683408578,9.574705193,8.06166064,10.25831001,7.759260231,6.992915468,9.878898619,7.066439475
11.36308206,13.04548117,6.922076829,12.57598457,11.41315588,6.789218524,9.953734112000001,9.000940586,7.767139843,12.37497829,10.02939589,11.90876661,8.861923135,6.80090555,12.00494429,8.658005367000001,9.386497745,9.616004449,11.07265858,8.782291304,12.51351002,8.148848327,9.059765445,7.196236787,10.74469453,8.474728838999999,8.711063904,10.45520537,9.457909192,11.02881304,11.94090942,11.21735498,9.020154335,6.796588529,9.099609914,11.41871165,9.18417169,7.053896687999999,9.237245712,7.859409466000001,10.722706,9.816096311,9.629096048,8.184363628,8.616756518999999,11.97969001,11.67049547,8.654061894,7.940684701,7.90423697,13.1937799,9.251833495,7.34259172,9.395440586,8.035934467,10.94198062,11.09804972,10.15812586,11.51776836,8.745953745,13.663902400000001,12.88983033,7.110259557999999,9.102588786,7.269773268,10.27009245,10.50633736,7.145146784,11.75863805,10.71130694,10.89912901,10.59556694,9.371377747999999,8.325556979,13.77036306,10.32715201,9.73547537,10.56320148,9.90059458,7.328047736,8.349045415,8.781067963,9.550356138,8.681842596000001,10.64606744,8.973458915,7.636532456,11.07018636,7.294450416,8.994127388999999,11.28909988,11.71224787,10.071655400000001,9.474666986,8.278770336000001,10.11552098,6.973543277,6.631105679,10.68352579,10.45018364
10.61790753,13.06961611,11.17417686,11.24377381,7.575429645,7.928745557999999,11.15611703,7.604033671,10.12079238,12.42715351,7.132531704,11.47308696,7.894575807000001,6.832411121,12.2053889,9.644255127000001,8.452408672999999,8.808035805,9.845500864,8.879386315,11.29228391,12.85012197,9.587187872000001,7.757587046,9.870222562,11.67309604,9.592920987000001,11.34864581,10.65715848,11.57509596,11.28735116,11.21123828,9.847769211000001,6.8583930539999995,10.92294395,9.28217884,9.151816507000001,7.384670096,11.07399396,7.216958099999999,10.64814298,10.47576159,9.114922494,8.47779108,9.43332432,11.6322075,10.09342627,8.594718796,8.230172334,7.616866265,12.32655748,8.898215427,10.84599305,9.705623399,7.764812946,10.29568708,10.25245569,11.35959767,11.58940708,7.850820832999999,13.4854146,12.14735243,7.369199694,9.306515904,8.114570481,9.082626094,11.53742284,8.159062427,11.01959767,10.10642172,10.38033272,9.320282,10.47143882,7.887118817999999,13.60136889,9.819325987000001,9.269685886,10.05242942,10.78848906,8.281247208,7.664607419,9.129155244,9.769461817,8.383995597,8.46628453,8.737531293,7.61991056,10.69820475,8.12191789,9.527958441000001,11.06055781,10.89912901,10.37394748,10.12285793,7.735599195,9.896032695,10.97303891,6.948780436,10.19236913,7.871444761
9.910066121,13.32647376,6.541961785,12.79716678,7.121255356,7.504423799,11.40225929,7.260512599,7.2505238389999995,12.55534555,6.824427189,7.852586499,11.25300939,6.738343797000001,9.551332822000001,8.476715178,6.741449027000001,8.860583427,7.550884758,9.418199429,8.996289415,10.17564846,9.612107552000001,7.186410917999999,7.483492097999999,10.16455344,7.954406237000001,12.39436997,11.95843865,10.73434445,10.00147983,12.22809513,8.402181491,6.911138477000001,11.76375392,9.526484438999999,10.3351125,6.782437262,7.748865186000001,7.752403694,11.73669764,11.55444033,9.003517233,7.630271548,8.389483428,8.945266542999999,10.693893300000001,7.871027757999999,9.012557565,6.941572423999999,12.56556512,8.310423718,7.403994097999999,7.169397896,7.247422017000001,8.311752777,10.04795184,8.60660198,11.89775851,8.644199216,11.61094028,10.46889932,8.392285576,10.04668573,7.136232966000001,9.720559241,11.34864581,7.2925409,8.813650294,10.3116233,8.717455602000001,10.02426604,7.171055725,7.582348415,11.70289315,9.632633197999999,9.6968358,10.03426259,10.72877653,7.9873068510000005,7.283359588,8.39061916,9.663743788,7.449717983999999,9.027822164,7.738575667,7.772324256,10.83687662,7.936939397000001,10.147575300000002,9.555421668,10.282051300000001,9.531729582999999,8.95489041,6.891623404,9.652634171,7.3016483270000005,6.819131836,10.116197900000001,7.723204965
12.22809513,13.44100633,7.091979078,10.23452646,11.70989768,6.88041258,10.20413977,7.15916093,8.532499893999999,13.62537997,8.937793467,9.757549541,11.67527815,6.479499757999999,10.41474345,7.562671601,7.121445463,10.24606433,11.761206699999999,7.768854775,10.63713328,9.214046018,8.438520196,7.093124747,12.61459353,9.231279846,7.951618839,10.66211624,9.807385502,9.52148697,11.79927552,12.27657453,10.34297463,6.857472497000001,9.153758400000001,10.928079400000001,8.578789726,6.680319513,8.874944785,7.387942617,12.51863729,9.057528812000001,7.851070094,9.151440837,8.316582868,10.32715201,11.68414848,8.184363628,7.78444844,7.303172285,13.78372126,7.917609026,7.167201223999999,7.822931732000001,9.470642083,9.049746672000001,9.188509157,9.946129202,10.11875387,8.98160553,12.34843187,11.19868639,7.429757799,9.531729582999999,7.308752311,9.713281877,11.88039918,10.45443704,9.985002612999999,11.40034723,9.440297765,11.51393704,6.991910945,9.799506671,13.00671348,11.01708298,9.790808199999999,9.280204112,10.25897874,7.1477566679999995,9.24055383,10.53464596,9.059034844,8.756995625,9.442087599,8.308204489,7.430332935,11.78110578,7.40456061,8.82992384,10.37315972,10.50719728,9.238403077000001,9.109566043,7.750531597999999,10.20147821,7.180303112000001,6.815346383,11.50763007,7.315543898
13.891404099999999,7.5273464279999995,13.14178802,8.058991353,8.49895028,11.40766422,7.250976411,7.492176732999999,7.735178754,9.252598107,6.685209762,8.001220556,9.579151459,6.722826638,9.523194559,7.166001832,8.066310028,12.22078704,9.457481324,8.937793467,9.837094133999999,9.766260877,9.435452693,7.8497071179999995,9.281396609,8.438260044,8.988378061,10.9342882,10.66305812,8.36796988,8.775494492,11.53542046,11.840788499999999,7.0474281560000005,7.7122691539999995,7.756275893,7.981437022000001,6.908932895,9.832531812000001,7.136440478,10.68770359,9.381821202000001,7.578627111,9.373522937999999,8.465718347000001,9.508441222,12.59296546,7.328182665,7.32513383,8.975874033,13.87558548,7.812207368999999,7.646416307999999,8.763363083,10.47225787,8.27774102,9.738069761,9.875375932999999,9.834908897,9.430669284,13.35843942,10.60514868,6.83118278,8.487782216,10.05368348,7.248949677000001,11.58940708,8.854139089,10.50015377,11.62140094,10.00446692,8.303127138999999,6.847702076,10.27452945,12.04377355,12.36148486,8.910483861,8.266332577,11.49206503,7.289699596,10.04668573,10.55396494,8.077419469,8.765671376,9.279372017,9.210434441,7.240734542,13.27717447,10.13522797,9.402821881,11.130219300000002,10.66412821,8.584794597,8.347970222999999,10.98847623,11.91669562,7.600324258,6.796901696,11.23450773,6.957880052
7.15740216,11.77625536,6.754690684,12.41767543,10.9293541,9.467911575,10.70300717,6.982217362999999,6.94855622,13.37890901,9.547048803,9.512809986,11.58940708,8.432418487,12.67482823,8.703143142,6.943576094,7.704365713,11.31778037,9.538754407999999,10.08940583,8.271970772000001,10.07350988,7.031698545,11.9115298,8.79288188,8.640641615,9.849516233,12.02038067,11.07399396,13.18427278,10.60039769,10.42411172,6.8804544420000004,8.37959401,7.90676449,7.92779894,6.9273293229999995,8.533114972,7.753276564,10.69189055,9.981924567,8.733141725,7.698808197999999,8.788333492000001,10.08743874,10.52929969,9.019084896,7.303931147999999,7.766269231,12.19791318,8.927547998,8.861613474,7.92779894,7.9555375370000005,9.424837525,8.889492749,9.499863889,10.31011482,9.403647515,12.86353696,10.52030955,7.508636141,9.386109863,7.067949597,10.11813763,11.70989768,7.249183982999999,9.12502286,10.65913695,8.942722400000001,9.370945098,7.680392621,7.997338768,11.91669562,9.580054333,9.504347864,8.763027657,9.604649552,7.8805889979999995,7.774596761000001,8.858458376,10.17429261,7.622622757,8.813336371,8.404720223,7.326194397,11.19428619,7.287541247999999,8.960287387000001,10.67221985,9.59714964,10.25092428,11.53742284,7.540521836,10.47740301,7.816092635,6.573569947999999,9.532227121,7.192602397000001
6.869734672000001,8.881493512,6.725810149,10.15451946,7.3024021789999995,10.70717671,8.122917602000001,8.62032982,12.25270729,10.82970597,8.98517652,7.872324417000001,8.851487412,7.369917724,10.82084813,8.582963031,7.272397261,11.11851039,8.691967541,9.099226326,11.48093452,9.318689867,8.923987821,7.6774673920000005,8.587591129,12.16501667,9.844354646000001,11.21892736,10.55487068,10.4000612,11.31223086,11.34520205,11.63014786,7.077703657000001,10.48484123,7.943912244,9.093026117,8.222698032,8.749364717999999,10.49296798,10.08066682,9.11567123,9.078156757,8.576731631,10.68458521,11.34150924,11.04973661,9.003865954,8.529028574,9.410733582,12.65292908,7.990423536000001,8.247332286,10.94670733,9.513257688,8.28532767,10.01125652,10.21512906,10.19026029,8.756353002,13.02975424,11.32816756,7.53315368,8.720289733,7.748052363999999,8.348499993999999,10.13252834,10.43409352,11.50965886,11.99268103,10.41140004,9.658588263,7.4558233860000005,9.904732219,12.67987449,11.475149499999999,9.399748848,8.985532266,11.09954077,8.208978382,9.824851114,10.55118021,8.073628806,9.781627182000001,10.61001233,10.01914712,8.261318886,11.82231691,8.278007342,9.293468601,11.01578738,11.20355732,8.226923991,9.772228214,8.889492749,8.732533193,6.924063562000001,9.51556966,10.98188262,7.350323021
11.33974987,8.929249407,11.82487411,11.71944873,7.215482473,9.222800023,7.852167225,11.014443,9.920978201,11.840788499999999,10.69296103,12.34430388,9.584585517999999,6.950065459,10.63286641,7.657546652000001,6.950874532,10.43409352,9.806829296,8.309360893,12.04713107,8.571207567,7.938868078,7.065652071000001,7.679254845,9.079970711,8.375229914,10.32792624,10.34056247,10.68995871,11.30388677,11.497869699999999,11.69845749,6.873763307000001,9.330745997000001,8.340666203,7.988473911,6.8766565879999995,7.522804193,8.650897535,9.983746477999999,10.30256776,7.412432606,8.167140195,8.663600035,11.9866367,11.20977661,7.551051677999999,7.401656335,8.71713408,12.86353696,7.0457588620000005,8.040791412999999,9.666909303999999,8.325838057,11.0965414,8.640078092000001,8.741058662999999,8.793806452,9.070028354,13.891404099999999,13.21148392,7.3498951120000005,10.25831001,7.050281117999999,7.605755672000001,11.94982824,7.767372572,11.9059177,11.73903869,11.34150924,9.503487116,8.153358229,8.432696244,13.71824738,10.84368067,9.332440874,10.17859574,10.000292,7.561562554,8.564136462999999,9.234402817000001,7.49425526,7.9641881979999996,8.85249816,7.8268802189999995,6.8153793270000005,11.44332235,7.475570394,9.571951292,12.7456099,11.79927552,9.10613247,10.2694199,7.5756025220000005,10.79300306,6.962698689,6.893936139,9.644255127000001,6.68394566
7.085626347000001,11.36998174,6.948805825,11.08384413,13.31660607,9.538256515,9.170791223,7.254141561,7.776137209,12.12930028,8.095903336000001,8.856832534,9.386497745,7.017427272999999,10.48220637,9.600942561,7.358393743,9.426220977,7.567663776,11.93483453,11.54396758,8.593002392,11.84651856,7.559016747,10.43822024,9.599509207,9.049746672000001,9.306162331,11.96130418,9.10341743,10.14901402,8.550724717000001,8.894852852,6.930211539,8.483920863,8.101568354,8.056049137999999,6.812503295,9.298329602999999,7.313880512999999,10.3920144,10.84152919,10.07475584,8.830555854,7.8389705229999995,10.97303891,12.56556512,9.538256515,7.6493278479999995,7.435252992000001,14.23826147,10.223717500000001,8.138881402,7.8889581920000005,10.94437965,9.609543195,10.31244297,9.705044393,11.31956007,8.131972891,13.20270065,12.00494429,7.920815923999999,9.650208886,9.004205558999999,7.432520942000001,9.770601817000001,8.967971363,10.85670217,13.22890161,11.39319003,8.495563057,7.29594885,10.43498297,13.35843942,12.38987038,8.915317762,10.59556694,11.53170644,7.156109656,10.26335977,10.04348962,9.043836247,8.167682829,9.061236057,8.949777113,7.629188451,13.21148392,7.378487095,8.359465235,10.46889932,11.67982,8.11039628,10.44927444,7.491097102,11.73402616,7.55703815,6.916003546000001,10.45520537,7.0942196310000005
11.80429036,10.13937966,7.13334416,10.86123238,10.17086879,9.547048803,8.741058662999999,10.60413906,11.04007562,12.19791318,10.01984135,11.761206699999999,7.555061099,6.983834527999999,12.69099716,9.417790623,8.15033564,10.28667374,7.519760875,10.18960371,12.70255304,9.060895116000001,10.11944833,7.566373291000001,8.1111746,12.21701082,10.28898962,12.1111595,11.63458179,10.36918846,10.67221985,10.17291737,10.28586679,6.638097711,9.586729528,8.866991714,10.36050403,7.6176072470000005,8.924343783,8.140217629,8.585089189,10.54836467,9.117608876,8.916387663,10.20218627,12.22078704,10.39695584,9.905957504,9.584079267,8.239790557000001,12.11467308,8.840353215,7.312028665,11.08805157,9.28544666,10.84599305,11.07018636,10.35318232,10.1588172,7.756500264,13.891404099999999,12.63100527,6.908488612,8.915317762,7.32226843,9.551794473,10.50633736,9.498494958,11.50559146,11.57509596,11.58940708,9.421308436,8.469689322,9.33497413,13.46286697,11.89775851,10.0961591,9.41730475,11.79119889,8.950821178,8.952192743,10.19999462,8.498624782,9.789117005,11.59371473,10.95635249,8.788333492000001,12.06343798,7.684518487999999,8.890121415,12.08350553,12.12930028,9.373081642999999,10.75560049,8.009472877,10.52030955,7.275328267999999,7.766485892,10.897967300000001,7.033599526000001
12.65788011,11.39140096,6.684498144,13.03773493,7.806614562999999,8.146081867000001,11.28909988,10.05368348,9.658075073,11.82231691,9.746498908,11.497869699999999,9.400169347,7.080767067000001,13.44100633,8.638578656,7.636346017999999,11.64750647,10.08137972,10.31712902,12.72605002,8.707191478,9.457909192,6.8056484170000004,9.894303657,10.47483904,9.842662948,10.76936297,10.84028659,9.881810032999999,11.57091975,9.489939236,10.22791047,6.992551699,9.72624779,7.67942017,8.649684192999999,6.749661742000001,8.536589923,7.782711362000001,11.67527815,8.749364717999999,9.213243985,8.890806667,8.734449065,12.47887932,11.6023883,9.002801919,7.6980045079999995,8.221113596,13.52749072,8.232327607,7.195889584,10.32079175,8.332382379,11.44332235,10.46647232,7.952761818,11.53542046,9.636494548,14.43176902,13.02975424,6.943028119,9.075903523,7.423136634,8.304459937999999,11.44894435,8.0346956,11.41122205,13.16611815,11.13560275,9.005252936,7.810854886,8.987353334,13.50572504,11.63014786,10.16096341,9.353870994,10.88211565,7.984795812000001,8.444192565,10.24744859,8.883578069,9.004205558999999,9.729361256,10.15743439,7.792124465,11.99268103,7.544859505,9.234040369,12.36148486,11.82487411,9.395030392,10.43498297,7.4853992410000005,11.07671688,7.665979248999999,6.968789376,10.42990597,7.054319471
10.884451499999999,12.7456099,11.482581199999998,11.65674706,12.36148486,8.492085957999999,8.553390019,10.5899234,8.835652354,13.32647376,6.943199598,9.616004449,7.637335686,6.854683727,10.18137705,7.910748154,11.11573631,9.961267658999999,10.01535162,9.738069761,10.07536226,11.26420754,10.5098551,8.185381765,10.91922609,9.818224914,8.486462221,11.53170644,11.75863805,11.38061716,10.56320148,12.143702099999999,9.353455015,6.953373222000001,11.31411702,8.301799357,10.92172626,12.88291183,9.485905111000001,7.592384935,9.896626832,10.26791544,7.8685045989999995,9.202251343,8.68680284,10.32715201,11.20977661,7.499211834,9.422721109,7.507604116,13.50572504,7.795684985,10.77475152,8.326927956,8.300454773,8.664241557999999,8.792201479,11.15917574,11.41122205,8.1455693,12.45542123,11.41673916,7.2117355729999995,8.854749497,7.224676216000001,9.02122885,11.02753106,8.312023595,9.926897614,12.16128267,9.516485184,8.841334315,9.605135188,8.236977632,12.76419937,10.79741165,9.929938493,10.86123238,10.66412821,8.098590782999999,8.261874602,9.414142932,10.30331427,8.572095094,12.37965953,8.167426282000001,8.992305737,11.20665042,7.499211834,9.192824885,10.98847623,10.005144,8.985918586,10.19866296,7.795684985,10.67818979,9.530814657999999,6.971486716,11.57934054,7.33821804
6.959668886,13.92215862,6.522189056,12.96142433,9.351814155,8.479788375,10.56229378,7.08388827,10.46647232,12.55001354,8.122645294,10.32792624,10.680262800000001,7.0704815210000005,12.36600378,8.275384599,6.951209515,8.592093263999999,10.51256676,9.692678459,11.57718123,11.69364373,10.42990597,7.424113246,10.58514215,11.37359996,8.602465156000001,12.99184229,9.222373785,11.94380113,11.83831431,11.84353509,10.55573809,7.121314214,9.616004449,9.73139883,10.292746000000001,6.782006681,10.35556409,8.135040746,11.191389,10.12006247,9.033162883,7.9261815570000005,9.17113385,11.32630273,9.016895527,9.056444472999999,8.970367733,7.535635296000001,10.971667199999999,8.587591129,7.665757527999999,8.535413866,7.914870085,10.24959732,10.33816108,9.413248947,11.64051348,8.487782216,13.60136889,11.64995174,8.238282677,9.939561933,7.183026599,10.00641663,12.09369499,7.558096655,10.22653388,10.69711392,10.21651268,8.74874166,7.132980558,8.178419725,13.10879175,9.057186697,10.14616413,9.818224914,10.65104386,8.639783773,7.720042307999999,8.894498569,9.240925893,9.564931728,8.611331007999999,9.059034844,8.476995576,10.65014803,7.6899670570000005,9.478160225,10.78493009,10.76390257,9.865170469,9.006376532,7.222795467,9.569152545,9.484052215,7.050696249,10.96297008,6.627697682000001
10.84028659,9.692678459,6.436932842999999,11.07141263,8.905617507999999,11.3023629,6.897144817999999,11.77381646,9.923331852999999,12.06983933,8.03739046,11.35959767,8.480368512,7.099253212000001,11.46201879,7.170874585,7.641296422000001,9.852849908,8.4130592,8.271441068,10.98320157,9.244525414,8.241656219,7.703526845,7.562671601,8.705927399,8.959934106,9.847231703,10.95385014,11.31581428,11.70071846,10.32561663,9.834908897,12.02038067,8.481917382999999,8.377937467,8.539512435,8.599770625,7.673660681,7.01630437,9.740161948999999,9.218251907,8.409220562,8.1111746,9.601860384,11.12287688,10.43070592,7.6233918570000005,7.820704032999999,9.4293394,11.57718123,7.769724992,7.471545666,8.661765969,7.218695492999999,10.36686883,9.394588444,9.063545485,10.27748576,9.756487993,13.28726957,12.4318736,6.98029563,8.881493512,7.984098629,9.074056886000001,11.00404958,7.306465415,10.30476707,11.94982824,10.00700034,9.871427857999999,7.032259793,7.787816232999999,13.04548117,10.59851199,8.986640922000001,9.908899695,10.55396494,8.407837911,7.648919102000001,8.833614965,7.76933095,8.560001442999999,10.12558155,9.508018095,7.2574287360000005,10.47483904,7.161178347000001,8.861923135,12.01407537,11.46021514,9.602329995,9.322780928,7.49425526,10.37001,6.791756968,7.577726267,10.51952315,7.75963713
7.228726032000001,11.51776836,6.67782742,12.29316358,10.72988237,8.587591129,10.42328905,11.860722099999998,10.4603006,12.31359006,7.144897439,11.06330609,10.02939589,7.001869077,10.46807836,7.847639831,7.261853241,9.573742072,9.001721874,8.44047968,11.00404958,12.86353696,8.40754302,8.045366881,7.619737742000001,9.39587878,8.961390502999999,9.525051606,12.58721708,11.1635244,10.6660846,12.12587469,8.897876414,7.836763479,8.940176915,8.751569982000001,8.040569522,7.123796117,8.345235994,7.748419274,10.99241032,10.81736499,8.266890632,8.259944763,10.53013478,11.11433986,10.22081967,7.90423697,7.323292785,7.85802646,12.81058549,7.914649563999999,7.5775476710000005,9.288409742999999,7.580889857000001,10.29858284,10.29714057,9.360296859,11.60018194,9.294251968,13.35843942,12.47416214,10.97535045,8.44567142,7.506958745,9.079225222,11.40225929,7.328608547999999,10.51256676,10.82970597,10.02237392,10.34375775,7.264847946000001,7.77636476,13.41061325,10.70398968,9.689984411000001,11.47308696,11.22209299,9.12758887,8.001694627000001,9.694197297,8.645975464,8.936689077999999,9.162807904,9.196777195,7.444454137999999,11.97060974,8.17310859,10.61094288,11.80926977,11.58340152,8.208238488,9.032488189,7.6044249520000005,10.95635249,6.802757077000001,7.305418522999999,9.197972885,6.7763277770000006
11.52570137,12.4318736,7.177326647999999,12.88291183,7.404122332000001,7.670211198,7.7937018160000004,6.905010615,8.735330336,12.86353696,10.57071929,8.895849051,11.14114454,6.974458479,10.10861783,9.842662948,7.045322627999999,8.910155013999999,7.496177039,9.838185716,10.693893300000001,7.975471288,9.782771421,7.371761962999999,9.516969948,9.750692256,10.30626024,11.41871165,12.21701082,12.31829127,10.717516499999999,10.87208678,10.24959732,6.810386894,8.939518636,7.490728483,9.658075073,6.781066122,9.867403183,8.156547628,10.57837307,10.45278549,9.567257762,7.44367272,8.304181907,10.63488783,11.04706176,10.59556694,8.725945751,7.741128347,12.2053889,9.227260187,7.95845111,7.975471288,8.106550823,8.988378061,9.07148945,9.207685175,10.81052553,9.867952964,12.43674467,11.17417686,6.921336074,9.823747422,8.558115917,10.0867478,11.67760923,8.217908374,10.03668829,11.31039657,9.398898069,9.781627182000001,6.987597264,8.39949937,12.16128267,10.30773182,10.70510952,9.072611635,10.41890443,6.971565465,8.625816982,9.194771454,9.064238375,8.507154752,8.838005911,9.217110186000001,8.033491949,10.55663674,7.75460144,9.420473751,10.406797300000001,10.43409352,10.3351125,9.539661391000001,7.381149282999999,9.888548901,7.127543287000001,6.623848822,10.54925157,6.969914763999999
10.78493009,9.134430865,6.8246419529999995,11.191389,6.889656697,11.04577442,10.17019151,6.952195432000001,9.174129209,10.12985387,9.814003593999999,7.65274618,8.869383026,6.99745136,11.92606798,8.841334315,7.103122529,8.273870883999999,8.758842826,10.52300116,11.11994321,8.667805319,9.929392938,8.253374512999999,7.849025738,11.750960899999999,9.94019624,12.54444733,10.71032648,10.80277527,10.64311554,10.98847623,10.45861521,7.920588748999999,9.659109887,7.380832673,11.01307672,7.225521922,11.46567281,7.6855289220000005,10.49567774,8.972432665,9.937803596,11.97969001,9.359840044,10.82201926,9.595729066,10.34134353,11.06885615,7.932003422,11.32977503,9.260854812,10.08137972,8.350139481,7.676039488,8.898559889,9.905349165,9.067846671,11.03586159,7.361482259,12.13637916,11.44894435,9.783897864,10.90270093,8.628218737000001,10.63083868,11.09231096,7.792775422999999,10.55860326,12.12930028,10.20071516,9.494038677,8.645057754,8.15464703,12.60411387,10.439974699999999,8.959204794,8.291143643,11.38392641,11.32816756,7.772324256,8.705002074,7.932003422,10.80053533,8.808336099999998,8.766285382000001,10.13118677,11.65453142,8.162320708,9.196026303,10.69917385,10.54925157,9.479046813,9.083326585,7.188240169,8.629332168,6.762459691,8.373245509,10.16021328,6.870604796
7.056178308,10.88926719,6.655279211,12.34430388,9.845500864,8.430969949,10.85310883,7.990899657000001,11.13704685,12.24871622,10.09831056,11.0346455,10.84718497,7.236239703,12.95349061,7.97285617,6.806070337,10.80277527,9.661657568999999,9.650208886,12.81058549,8.490602782,10.08881016,8.322558876,8.410648647999999,11.48454263,9.59383915,12.10761125,12.1111595,12.21313719,11.86938041,11.44332235,10.071655400000001,6.783059186,10.45698441,9.644255127000001,7.687906552,6.589652675,9.243759404,8.567081863,11.07018636,10.31569131,7.917418069,7.5940661270000005,10.03304445,12.46520849,9.247782907000001,8.634689952,7.369651349,8.793518918,11.36128827,8.101818947,7.215750601,9.903521528999999,7.476598349,11.28398994,10.22653388,10.15949323,11.94380113,8.795571537,13.891404099999999,12.33103036,7.393203712999999,9.473716545,8.535709619,8.947661871000001,11.09088411,7.130275175,11.67527815,11.62820626,11.01959767,9.757020558999999,8.868657732,7.608595342,13.28726957,9.584079267,10.47143882,10.05176305,11.11433986,8.052171012,7.355979187000001,9.249421179,9.394588444,9.362379124,9.071135641,10.92294395,6.903799574,10.693893300000001,8.076421332,10.65715848,12.28896293,11.73669764,9.535509557000001,10.4097453,8.356226197,9.475107534,7.799656087000001,6.763063296,11.01058096,7.239367973999999
12.37497829,10.86735711,7.771235042000001,11.4998155,7.299609659,8.08818015,10.11944833,7.2551129329999995,9.937803596,12.59845037,7.563974305,12.05716816,7.876528023,6.702153543,13.84304746,9.125762301,6.943390527,9.754386059,9.025610215,10.00940326,13.41061325,9.398898069,10.33816108,7.680579809,9.510838932999999,10.81623545,9.707581955,11.57934054,11.9641437,11.1576601,10.98847623,11.44332235,9.980050047999999,8.095644116,9.386109863,9.202251343,8.617692721000001,6.804384732999999,9.26533068,7.758400309,9.84100345,10.75974072,8.643362189,7.834747966,9.102984947000001,12.56043522,9.784954077,9.337542786,8.17414754,7.970087137999999,12.24007164,8.670841454,9.585434585,9.795204404,7.686708005,11.18823454,11.101011999999999,10.15248986,10.57266756,7.459376871,14.08345105,13.3679068,7.490728483,9.062006276,8.000243033,9.051217684,11.67760923,7.748419274,12.28483565,12.26883224,11.73166775,9.318216546,9.017945669,7.855527929,13.95624997,11.101011999999999,9.427102777,9.944345833,10.90520522,9.533110431,8.030762177,9.446121211,9.025197991,8.303127138999999,9.773267767,10.85545768,7.638906259,11.88932827,7.995892465,9.267287992,12.45160746,11.90285706,9.015097375,10.10926067,7.77311131,11.02099156,7.326753987999999,7.178719578,11.130219300000002,6.728251257
10.19372552,12.1940524,6.843514503,12.05020156,10.34212237,8.753490089,10.71536522,8.695027844,10.27298565,11.78886364,6.815461934,10.91551331,7.9501862679999995,7.669624301,11.97060974,8.825859449,9.045313632000001,13.8597081,10.61094288,11.58755287,12.44705701,12.44199075,11.80665031,7.913961362999999,12.05716816,10.64207562,9.641307904,8.702845814,13.3679068,11.86657525,11.04142897,12.19084184,9.599509207,9.000250807999999,11.604357499999999,9.165503257000001,8.903506072,7.164196786000001,10.26717789,7.707890194,11.70533801,11.14730911,9.375280883,8.527541842,9.997968227000001,12.26883224,9.82041914,8.80033939,7.966025283,8.179426946,11.71714399,8.759498461,9.816096311,8.534550838,7.538883714,10.64502453,10.86735711,10.1869073,12.16128267,7.84925616,13.74363855,12.85721437,7.983586145,9.355590962,8.191116187999999,9.182657445,10.93933964,7.527551987000001,11.00656609,10.58129516,10.71334211,9.381821202000001,9.234040369,7.555417375,13.78372126,9.255508363999999,9.439048714,10.15949323,11.07265858,7.714763598999999,7.5087940170000005,8.372325455,9.739639939,8.910155013999999,8.994861972999999,9.545631905,7.498376994,10.24884129,8.284769504,12.59296546,11.84912249,12.71430856,9.366158279,9.602329995,7.80556477,8.494139049,7.620672115,7.013406441,12.33960384,9.230007009
10.43409352,8.496930932,6.792341587999999,11.31223086,7.769092287,6.431128043999999,7.665757527999999,7.626056742,9.065294675,8.610432271,6.838112503,9.782771421,6.992862442000001,7.353210076,8.90276747,6.843612262000001,6.896800805,7.39334589,6.868215195,6.745247065,12.72605002,6.482200867,7.198456517,8.447058502,6.9516554479999995,7.2217698189999995,7.567138815,11.15174464,9.541113736,11.70071846,7.22892376,6.974173003,6.501295967999999,6.945049442999999,9.686992116,7.293866886,10.14901402,7.01419073,7.24599184,6.531507017999999,7.653344271,7.8780926,7.508330752999999,6.938147604,7.986797042999999,7.0783896010000005,7.093672313,7.083815857,6.970611341000001,7.206599409,7.10319904,8.303127138999999,9.58093318,7.072783305,6.974173003,7.481033758,7.283959626000001,6.450366432999999,7.051763353999999,6.670707169,13.7047334,9.361512461,6.981947665,8.241656219,6.468658885,6.711075407,11.08658128,6.673087337999999,7.552025545,8.303127138999999,7.2652484589999995,7.1902932360000005,6.868215195,7.313739013999999,14.28816135,8.808035805,6.83308785,7.24599184,7.610552885,6.799782862000001,8.610432271,6.683439432999999,6.91087113,6.857333633,6.964407555,10.05809885,6.891000641000001,8.828277133,7.072783305,7.5371051289999995,9.58093318,9.12151552,6.860020027999999,11.39140096,6.925994379,6.805414807999999,6.781066122,8.021515345,8.273317859,7.1085629379999995
9.667960379,10.97916313,6.893868078,10.22580432,7.265738747,11.63647474,7.201683414,6.928139744,12.48895415,11.53542046,6.866890502,7.11346941,8.364442248,7.500408985,7.72510346,10.37472416,8.138051707,6.937011784,10.31410899,7.639283148,7.815215164,9.013677564,7.957713592999999,10.94198062,10.9380828,12.95349061,12.06343798,12.42715351,10.28128478,11.17566333,10.18764381,11.63014786,12.09731119,9.949280182,9.699888643,8.384273186,8.861923135,6.817383177000001,10.50197282,7.555929632000001,9.733429694,9.915510519,9.971528037999999,7.47862147,11.67309604,8.629332168,9.038655681,11.14418392,7.919879227000001,9.086973405,10.7661406,10.44420062,8.828920818,8.89047137,7.78529408,7.658193933,9.687974856,9.811233937,10.14470547,6.752927467,8.879007645,9.23923876,7.149091714,8.229051573,9.372632961,9.272328506000001,10.96916151,7.956239442999999,9.070028354,10.14072651,9.329873699,8.318135436,8.01828177,7.823148057,9.456122295,9.100720271,8.906329267,8.910155013999999,10.35713984,7.585585555,7.596804256,8.640078092000001,8.763363083,11.32454723,7.614083256,8.233798217999999,7.584254755,9.985647018,11.46201879,9.173721276,10.70717671,9.788098282,8.893539179,9.501206257,9.535014156,7.954406237000001,8.537752846,6.709834524,9.586729528,6.923527547000001
6.947228633,11.22818738,6.649217713,11.497869699999999,9.759180537,9.340500609,9.301213685,7.653722912999999,9.256654902000001,11.9866367,8.403853847,10.02556095,7.525324089,6.846012053,13.07730948,10.49023016,10.13185881,11.79927552,10.76936297,9.516030795,12.26510211,9.467082555,9.401071518,8.100300678,8.624567667,11.37359996,10.54366731,12.27265813,11.00147261,11.84912249,11.04577442,9.942629212,10.13522797,7.120460872000001,10.24455079,9.586729528,8.612548029,6.773118031,10.42411172,7.654888484,10.34937649,11.26091824,10.11552098,9.618036939,9.932332005,12.09074346,9.996630667,10.75870002,8.25270509,8.030762177,12.15450558,9.659109887,7.547091888,8.93490292,8.002919466,10.13659853,10.19026029,9.358158847,11.75613984,8.395356505,13.26687006,12.53482304,8.941268981,9.351010738,8.895849051,9.531247886000001,12.10761125,7.738819915,11.22209299,11.5960159,10.66807881,9.725737656,9.545631905,8.313307121,13.3679068,10.34134353,9.268071037999999,9.802340604,12.0268506,8.389239562,7.755619386,9.290511551,9.078156757,8.510709455,9.273567152,9.285075744,7.412257501,11.17566333,8.643362189,9.909468334,11.30877376,11.47899071,9.732901542999999,9.748615291,7.686708005,9.992161516,7.240376055,6.834047227,11.17871411,8.989798726
11.07399396,12.15810335,11.98965718,12.63100527,10.84962286,7.747419729,9.894303657,7.159565817000001,8.420361343,12.93204053,7.732782693,9.119122336,10.42328905,7.136599687,11.78367664,9.688434396,6.9112359560000005,7.689093062,11.03315359,8.763363083,9.893160229,8.191375727999999,9.136008777999999,7.193687933,11.41871165,9.854013371,9.486353703999999,10.92294395,11.36128827,11.58130098,10.59269565,12.39932786,11.24236963,6.829440272,7.94751362,8.119022027,9.594330685,6.825003134,10.42156264,8.031313067000001,12.10421396,9.520545074,9.726757379,7.560489715,7.8696670179999995,9.981254076,9.920978201,9.838185716,8.505453654,7.7257722189999996,12.08350553,9.438589358,9.663743788,8.945952525,7.487897056,8.695027844,8.458031646,9.904142855,11.415004199999998,10.27232587,12.16128267,10.28128478,8.637081295,9.927467433,8.348766936,9.866805093,12.20175755,7.174026525,9.116047112,10.73740507,8.779777784,9.903521528999999,7.58294926,7.947773246000001,11.70071846,10.33025811,10.02630196,9.882943926,9.618036939,7.855738119,7.646049972,8.577293066000001,9.626005145,8.961029652999999,9.68498287,8.134813471000001,8.02444712,10.95272902,7.736063314,9.762516002,10.30408111,9.12151552,9.04828596,9.465325154,7.228183835,10.31569131,9.284648276,6.971875826000001,9.800079944,6.689253922000001
11.39140096,12.46520849,6.8308881239999995,12.58173611,7.194659108,7.637547272999999,10.92172626,8.073111317999999,10.21231131,12.53482304,6.790767044,11.285671800000001,7.616652247999999,6.771457739,12.18360134,7.015927043,7.535503431,8.117352045,9.744420663,6.694724622000001,10.9845341,7.904915765,7.26827219,7.155108654,9.627011517,8.894160787,8.224229744,11.04833045,10.04925701,11.75352099,10.12617579,13.053214,7.922020207,6.97876617,8.505781003,11.2496996,9.001721874,6.667820187,9.554531907000001,7.644619174,11.45657101,10.566934,7.608150359,8.131505843,8.858161662999999,10.82970597,9.821519886,7.277939592999999,7.364901852000001,7.0566066439999995,10.68889878,7.558272802,7.385604125,8.090677908,7.814410012000001,10.21860529,10.50015377,9.580522445,9.869665486,9.556861982000001,13.47384495,11.70289315,7.555753243,9.202251343,7.1505415779999995,9.948597601,12.0268506,6.94115452,9.798339608,10.65504604,9.446121211,11.01058096,9.587594627,7.929916057000001,13.28726957,10.06322188,9.49768782,10.57631528,10.86253264,8.74874166,7.770591764,8.719673955,9.935431027,7.49667414,8.450204451,8.415030079,6.833747675,11.69364373,7.421193682999999,9.73139883,11.66569819,11.42843677,8.981970005,9.105769562,8.301033614,10.80835123,7.074697112000001,7.106824184,10.58703706,6.470100047000001
6.977673553,11.56477731,6.846455502,12.49405224,9.801759732999999,9.10341743,9.318216546,8.730969373999999,7.850820832999999,12.46030819,7.3069420439999995,12.21313719,9.90657201,6.888709058,13.65061161,8.229332555,7.534757517,8.893539179,8.109908217000001,10.095444,12.41283551,7.585585555,10.53827881,6.973008799,10.03245002,9.698392282999999,9.053082583,11.90876661,13.27717447,10.59649479,11.17271842,9.824851114,8.940528502000001,6.712506302,9.461566357,9.46202723,8.839993422000001,6.651444954,8.451880066000001,7.990166113,9.971528037999999,11.46567281,8.807368515,7.696553532,9.072611635,12.10083263,10.08940583,8.669359375,7.548358707,7.62703851,12.79059753,8.286146549,7.617805177,9.190063681,7.606450131,11.43591446,11.44332235,9.768320634,12.38987038,8.445348683999999,14.33903072,13.14178802,7.11862219,9.055716628999999,7.409459748,8.728796796000001,10.32395072,7.083147362999999,11.72446907,9.852289112000001,11.44714564,8.90459486,8.605819919,7.888710706,14.16903737,9.689984411000001,9.355973854,10.33666039,11.75613984,8.962158996,7.743530152000001,8.108068938999999,9.452683257,8.053136296,8.99197108,10.37315972,7.296924825,10.54366731,8.067082239,12.80385362,12.32655748,12.00793409,9.044626279,10.43822024,8.292457987999999,10.39292243,7.344310148,7.098674044,9.442954242,7.432346197
10.8856976,11.10239711,7.56901262,11.17871411,10.74695003,7.583860733,10.65610664,7.855292821,10.50015377,12.87650965,10.21231131,9.086270337,9.210050293,6.934203988999999,10.95035831,7.177043337000001,6.837068992000001,9.689984411000001,10.5055257,9.802340604,9.884123406,8.658622506,10.05941606,7.311891421,11.62140094,10.47143882,8.986640922000001,9.8880023,9.691059997,10.19516655,10.73434445,12.59296546,12.26883224,7.134246342999999,9.384881979,8.037618755,8.307147903999999,6.839372997000001,7.703120935,10.25545896,11.721884800000002,9.494486051,7.689500348999999,8.395901793,9.416390612999999,10.06322188,11.07399396,7.7282573679999995,7.782514841,8.515301118,12.4318736,7.454332362000001,7.17384507,9.272328506000001,8.201780672,8.878004547,8.326130653,9.791931273,10.46730935,9.133711118999999,12.66330881,10.60413906,7.687516258,9.559820729,7.3428547470000005,10.01472975,11.65885726,8.169816455,9.267287992,11.48093452,9.131024445,11.84912249,7.543941353999999,8.551917707000001,11.877576800000002,10.74469453,9.538754407999999,9.887406164,10.25760794,7.743712642999999,8.246309205,9.019084896,9.368328902,8.136014677,9.091118947,8.727197643,7.59206403,10.94552122,7.944901687000001,10.869609,10.60221681,9.671448418999999,8.844121261,9.443867547,7.576526381,10.87846148,7.224676216000001,7.938609189,9.700408892999999,6.485137247999999
7.055089811,11.73669764,7.426316094,11.20977661,9.355590962,10.0722826,10.25178061,9.415058113999999,9.020857448,12.52938013,7.015282365,11.94090942,8.722078422000001,6.946112874,12.636229,7.729736725,6.895036082000001,8.94872289,10.46380127,9.908333631,12.35242234,8.395629538,10.23008554,7.023189049,12.60923337,9.693173055,8.451050232,12.82998084,11.74154087,10.12142873,10.66510012,11.36480729,10.49111762,6.740306753,8.917443959,10.2359496,9.926897614,6.921371832999999,8.346875314,7.824689079,10.22723659,11.16207683,8.288385598,7.772699767000001,8.922652915,12.12205077,10.0612897,8.382135087,8.461035557999999,7.273461376,11.89775851,7.947041627999999,8.890121415,9.693173055,8.041798376000001,10.82201926,11.10398359,9.728345249,11.014443,8.588193444,13.90735223,12.7456099,7.398403732,9.43993894,7.253755087999999,9.118381759,10.94437965,7.590607656,11.50763007,10.17637491,11.00015902,9.163182959,8.75795825,8.116855961,13.891404099999999,9.863936991000001,9.85174912,9.472332275,11.06756326,9.28592128,7.997338768,9.327477752,8.981970005,7.6857046239999995,8.883578069,9.888548901,7.994588488,11.79651465,7.804076126,9.540636845,12.04713107,11.83555137,9.167109575,9.68650261,7.431141376,10.3468479,8.348766936,6.953857665,10.25687958,8.81529023
11.04706176,11.750960899999999,7.6883094739999995,12.64158126,7.290876717000001,9.950535132999999,10.23008554,10.05680529,9.384881979,12.62515228,7.135597945,11.78367664,10.12285793,7.090554677999999,12.75156761,7.779229999,7.427078936,10.84028659,8.837643199,10.68889878,11.93191137,8.517964227,11.0965414,7.705413127999999,8.682768334,10.73099225,9.135185944,12.45160746,11.86372038,11.76375392,10.49296798,10.55487068,10.55945935,6.843080748999999,10.02489901,10.42241756,8.990884722999999,6.715197667000001,7.843739126,8.763027657,10.95272902,10.68234709,7.848555179,8.093669148,10.34531281,12.2971536,9.938364235,8.418893041,8.019517379,8.033757008,12.55534555,8.207190224,9.056444472999999,8.913544491,7.472729677,10.89912901,11.05243218,10.15522526,11.32272039,8.905617507999999,14.39912878,13.01416274,9.990375656,9.472813902999999,7.782294601,9.480422538,11.29719392,7.286851069,11.70989768,10.66305812,11.10540647,9.871427857999999,7.999995996,7.753499695,14.14636787,9.955655327,10.34297463,10.15248986,11.57091975,8.977986951,7.777474526000001,8.812023091,9.068197741,7.658338747999999,9.304584647,10.50719728,7.272397261,11.29387802,8.67662581,9.898863032000001,12.82998084,12.04377355,9.271033378,9.78217744,7.831581044,10.53198474,7.699001376,7.567485554,9.426678097,6.959073442999999
11.90046135,7.967184045,8.454071467,8.176078998,7.848792029,12.96142433,7.636532456,13.18427278,10.95035831,8.720866139,6.958437697999999,11.08229177,9.232456828,7.928991031,10.884451499999999,7.5617599570000005,7.678255752,9.443418645,11.81972659,7.378211179,9.914384956000001,9.066728642000001,7.863323012,12.11831258,8.072029497,10.23306342,11.761206699999999,9.900053795,9.513257688,9.937187681000001,11.45097606,12.21701082,9.825372644,8.715515029,8.870056367,8.765973274,7.787816232999999,6.909402344,7.644410781,7.26882744,9.781627182000001,8.766592269,8.099831473,8.670279987999999,9.486789625,10.81963367,11.74154087,7.772916703,7.33623881,9.942045871,13.23822132,7.949203477999999,7.000655856,8.219488008999999,8.563188521,10.31647323,8.99300626,10.93689068,9.997968227000001,10.41808618,13.79762808,11.72446907,7.169953272000001,7.055205605,6.985712201,8.698765737,10.19301489,8.51210809,10.28128478,11.67982,10.465539300000001,9.199101688999999,7.061669055,8.638235113,13.11783582,11.52376357,8.075916688,8.49925628,10.04039316,9.58135073,8.379907445,10.08066682,8.092893439,8.279877483,9.275646355,9.081077783,7.220507845,11.80926977,7.933951306,8.971737167,12.15810335,11.11433986,8.149111128,8.84510414,9.823177128,11.73166775,7.023596112999999,6.904659028999999,10.57452519,7.108792434
7.039785961000001,9.355973854,6.681033861,8.717745913,9.323193362,11.84912249,11.4546516,8.108371115,8.054359736,10.3358924,7.657743065,10.49740795,6.813438593,6.968828896000001,10.78157984,7.33213636,12.99894831,8.949092797999999,8.606884973,9.469787525,10.43153396,9.25144674,9.726757379,10.406797300000001,9.01870679,9.592920987000001,12.35242234,9.918068445,9.616004449,10.86253264,9.981924567,12.27265813,10.25032453,7.1742420639999995,8.345772868,7.77311131,7.76114091,6.711151827,7.473564375,8.317372699,10.24959732,9.894921662,7.750734049,9.801759732999999,9.118381759,10.23452646,8.786336942,7.52495134,7.019939135,9.60557749,12.55534555,7.537423771,7.485018752999999,9.796773778,7.27679802,9.028191672,8.395901793,11.43591446,10.05492716,8.400304986,12.75808013,11.06055781,7.095099681000001,8.992305737,6.947027605,9.459292922000001,8.750569651000001,6.809926782000001,10.32641754,10.00330583,9.61858909,9.165503257000001,7.110259557999999,7.183580562,12.45542123,9.790808199999999,10.87846148,9.280953612000001,10.81851032,8.123409298,7.186117232999999,8.004314066000001,7.602867367999999,9.747624892000001,8.165092754,9.098515192999999,6.773009765,9.614030112,6.956245427000001,8.990521108,12.12930028,9.799506671,9.623039914,8.616434967,10.62978109,9.775419143999999,8.267909358999999,11.59371473,8.574122268,9.376135456
10.74695003,10.82308287,7.888256942000001,11.29548102,10.75115943,10.94198062,8.417746037,7.535833611,9.139818836,13.02975424,8.91917897,11.43212874,8.341686267,7.240660045,12.7330285,7.747633906,7.048658076000001,10.02237392,8.940528502000001,11.01959767,13.38960707,8.163603038,11.36480729,7.411199166,9.026680038,10.48575232,8.557527463,10.69711392,12.31359006,11.63647474,11.88335246,11.42070369,8.514446099999999,7.048658076000001,9.186914987,9.640787205,8.643064371,6.742097117999999,8.202290872999999,8.171044654,10.63811219,9.498090883,8.291423495,7.795684985,8.008565961,12.20939865,10.04405114,7.927605379,7.574300311,8.312807815,12.504059800000002,8.207706841,7.151298111,10.1414306,8.526459476,11.65218109,10.99241032,10.52846139,11.721884800000002,8.660541966,14.06398585,12.82391782,7.399165435,9.701958771000001,7.413504141000001,8.698765737,10.16021328,7.348152953,12.05378871,10.75974072,11.66133201,9.370552095,7.635979507999999,7.8137649829999996,13.84304746,10.17637491,10.19372552,9.729885859,11.09231096,7.673660681,7.72083049,8.361688895,9.578636823,7.958202334,8.759498461,10.51347157,7.346678797,10.97535045,7.745689681,8.536589923,11.84651856,11.877576800000002,9.529858966,10.53198474,7.603817946,9.222800023,7.880373512999999,6.904720707,11.13984525,7.000266172999999
10.65014803,11.75613984,6.9422821489999995,11.56279786,11.07399396,10.23531878,8.858458376,7.809035476,11.26091824,12.28483565,6.9109585000000004,10.71235618,10.02939589,6.9745226229999995,12.61459353,8.793518918,8.216859437,8.338462007,10.79184078,10.61396586,11.97666898,10.43822024,11.07671688,9.205651937999999,10.19516655,12.42715351,10.70929943,13.10879175,11.50155359,11.52376357,11.22515663,11.2496996,11.07265858,9.773267767,9.764671392,9.82602036,9.31157928,6.669478497,9.224000828,8.154394457,10.72877653,9.282985744,8.507433095,8.324497582000001,10.80161714,11.60647604,9.612107552000001,9.330310363999999,8.804040974,8.629627568,12.02349038,8.163603038,7.629001624,9.345073564,7.681626757999999,9.977014975,9.687974856,11.11287145,10.45278549,7.738410409,13.06961611,11.95843865,8.617963217,9.261270432,8.900325071000001,9.626538301,11.38569868,7.590041768,11.34864581,11.14114454,10.73841471,9.350622247999999,7.864502508999999,7.907211843,13.22890161,9.721057919,10.09475733,9.360296859,10.69189055,8.056049137999999,7.608150359,9.193594161,8.8534724,9.032111543,8.855483932,9.859735297,7.89075882,10.71434749,9.059353927,8.97906228,11.42843677,10.61294845,9.379720333,9.39587878,8.100054791,9.075483568,8.25969805,7.278730397,10.94552122,7.007935023
12.26883224,12.45542123,6.651532557,10.8868978,11.03853754,7.3978701860000005,11.81715009,7.368020369,8.28532767,12.95349061,8.805766504,7.811080835,11.75352099,12.19791318,10.43650306,9.943767048,7.163703892000001,10.07736684,9.284648276,7.933198422999999,9.931730124,8.033491949,7.959904345,7.259080117999999,9.567257762,9.768320634,10.44420062,11.09954077,9.745428815,11.30067814,11.69364373,12.53482304,9.664286326000001,6.925369599,9.109956824,7.225243367999999,10.39125065,6.830008359,9.198743095,8.14484289,11.66816945,9.024811597000001,10.40423448,7.8079283329999996,8.241656219,9.988559444,10.70115329,10.12617579,9.475956811,7.580341215,12.60923337,9.411949211,7.429611885,8.17788978,9.500295372,8.58847874,10.37081557,9.181090569,10.23809153,9.058595574,12.31359006,10.39529176,6.885166565,9.8880023,8.376244502999999,9.450918229,12.07313677,9.367477122999999,9.948597601,11.27551483,9.947990127999999,10.61396586,7.8938764379999995,9.317378508,11.66133201,11.17871411,11.19428619,9.200275755,10.51256676,6.917280117000001,9.428869374,10.19591521,9.326629854,9.119122336,8.812325539,8.216385762,8.93490292,12.12587469,7.874427237999999,8.811346812,10.5142362,10.60039769,10.51174937,9.253390089,7.510921392,10.27154462,8.441312593,6.935515443,9.889070401,6.827622702999999
10.25623102,11.80926977,7.29292782,11.21123828,10.57266756,9.771153314,7.997811417,7.4072780510000005,11.615267300000001,12.90390181,9.854581793,8.197367417999999,9.990981047,7.1338197270000006,10.77811798,8.575887147000001,7.137231841,8.250279577999999,9.699373697,10.11747421,10.46647232,10.20413977,10.34857916,8.460436877000001,7.187371643,11.9115298,9.912507678999999,12.42255182,10.40089701,11.38061716,11.3949986,11.21735498,10.33666039,6.66308427,10.50633736,9.549922818999999,10.58329037,6.872423565,9.919775167000001,7.85149271,9.997968227000001,10.06975543,8.365798336000001,7.940915764,10.7266561,10.80835123,9.559335947000001,9.469787525,10.06850947,8.598635255,11.40934303,8.079221556,7.6986070579999994,9.59383915,7.81935548,8.778775667,9.822580021,9.951840154,10.65715848,7.6407011670000005,12.40415068,10.76082074,8.166375213,9.548019849,7.348270629,10.14268268,11.66569819,8.106746638999999,10.43070592,10.80731928,10.12006247,10.23008554,8.024224016,7.782711362000001,11.96130418,9.477701124,9.963147402,8.990884722999999,10.42156264,7.445093721,7.780107498,8.947999788999999,9.261693117,9.490811458,8.103773628999999,9.507127017,9.077805845,10.73202766,8.201238809,11.59371473,10.68352579,10.48063214,9.410279243,9.937803596,8.286987437999999,8.440770456000001,8.958165221,7.493567137,9.813466766,6.979912917999999
6.950065459,9.086607916,6.87176104,8.562063056,8.127164109,11.11716577,7.903074482999999,7.84925616,12.12587469,10.42990597,7.996627522000001,7.755821628,7.727274507000001,6.816131098,9.193594161,6.882440555,7.2383864639999995,9.712218715,10.10991684,9.276010413,8.755064155,7.891274853,9.717008149,11.66816945,8.271730312,10.33749166,9.773267767,8.885964508999999,10.35713984,9.381403642999999,10.10095296,12.42715351,11.51776836,7.313739013999999,8.19036018,7.7656443589999995,7.379166621,6.564556616,7.874427237999999,7.791712737,11.05378203,8.755709469,8.718738833,8.575567354,9.260854812,9.923878438,12.79059753,7.398080996,6.934577784,9.82602036,14.06398585,7.86285423,7.357620335,8.59808863,9.778778894,8.031537278,8.494696097,9.494038677,10.09009878,10.59372616,12.11467308,10.07801704,6.971275901,7.426000574,7.819829072,8.167933996,9.221556301,8.720289733,9.67624278,11.08658128,8.953272172,7.924093826,6.762218677999999,9.961913092,10.96025028,10.26566659,8.79288188,7.87535125,12.40415068,8.141222776000001,9.697872958,9.754386059,8.380713196,9.160085104,9.364435047999999,8.383995597,6.727939232000001,12.27265813,10.02882045,9.038290181,10.5098551,9.768881827000001,8.360058526,8.180998643999999,9.071135641,9.804581962,8.089402123,9.390738652000001,9.966195682999999,6.608773869
10.22081967,13.14178802,7.069476613,12.27657453,9.076649497,7.047241026,10.15248986,8.311243505,9.703460823,12.16128267,9.205651937999999,9.276431889,11.44894435,6.893757856000001,11.87491771,9.809044505,7.014929264,10.36437335,12.09074346,9.519729326,10.0612897,8.177623026000001,10.23156024,7.2797791389999995,12.58173611,9.476478582999999,9.179189737,11.49389466,9.727320255,11.6023883,12.51863729,12.13637916,10.10027462,6.964967689,10.38882008,8.263151881,8.767265073999999,6.69461412,10.34056247,8.823512822,12.34843187,9.496315071,10.20486343,8.005088387,9.310307775,10.97038938,10.45191283,10.56597713,7.705413127999999,7.5141964539999995,12.00494429,9.89372584,8.850440479,8.683985609,7.985296634,8.792541706,9.890814597,11.07671688,10.72877653,10.3351125,13.3679068,11.18652298,8.517390297,9.039778013,8.874944785,8.882526887000001,11.81184389,7.44334296,10.3116233,11.46929759,9.485905111000001,10.35637829,7.457643999,8.474728838999999,12.66330881,10.01005038,11.15033537,9.309050976,10.91922609,7.271614183,7.708321882000001,8.902401983999999,8.730969373999999,8.565890032999999,8.545709752999999,8.72783441,7.406479173999999,10.86486206,7.335172413,9.447831326000001,11.18981311,10.14200016,10.03608649,9.142064416,7.545225201,9.703963818,7.607399888,6.86312952,10.38367271,6.9246145079999994
12.06343798,10.44420062,7.792333436,12.00793409,6.7377583439999995,8.830911704,11.21735498,6.944315112000001,9.900053795,11.70533801,7.33188083,7.668190292,8.635286648,6.863635138999999,10.43729076,9.490364345,7.8571133820000005,9.617016956,9.388203329,10.86003364,12.85721437,8.719335545,11.04577442,8.091907667000001,8.394250362000001,11.64522638,10.34297463,11.82231691,11.30388677,11.9866367,10.92553097,11.70755953,10.14616413,7.523487632,9.206886222,8.356226197,8.761090859,7.014347192000001,9.320282,7.976193892,12.60411387,9.407118833,9.804581962,8.301561686,9.724178457,11.27082209,9.410733582,8.870706345,7.7024920539999995,8.135296589,12.12930028,9.619613614,8.889809952,8.691967541,8.485316812999999,9.263348623999999,10.9380828,9.774875459,10.84718497,7.743530152000001,12.82391782,12.55534555,7.348696731,9.380546667,8.812023091,9.72624779,11.81715009,7.848555179,12.02349038,11.860722099999998,11.50351171,10.61702585,7.356831279,7.895697812000001,13.75614217,10.52300116,10.580361400000001,9.611583973,10.95504942,8.015815489,7.733022575,8.626683867,9.988030378,8.772582901,8.630834879,9.049374391,7.746542097000001,11.31039657,9.201069776,8.566172899,10.37394748,11.9115298,9.00782017,10.15671666,7.589224392999999,9.356380991,7.354773084,7.5263642520000005,9.506670745,7.485555549
11.07399396,12.03000347,6.751920804,12.08721136,7.179990135,7.73370351,11.14730911,10.52212579,9.996033553,11.96739508,10.92418886,11.77625536,9.657506069,6.897477755,12.32250968,8.721180683,7.066348518,10.58802598,8.618809914,9.617016956,11.80429036,12.39932786,9.500295372,7.396691972,10.52929969,10.46969026,9.395440586,11.84353509,11.37359996,11.3023629,12.37056712,11.471156800000001,10.1848411,6.716783471,10.28586679,9.409776895,9.209654491,7.253242121,8.449895471,7.740496472,10.55301737,10.07098936,8.506069766,8.158251647,10.36361082,11.76866231,10.27821843,8.832616082000001,8.389784494,7.885944188,12.57069314,8.76914382,7.607788171,8.063138066,7.646416307999999,10.54836467,9.74123605,9.041931431,11.35760197,8.791190112999999,13.637522500000001,12.50915002,7.036361491,9.608578,7.543941353999999,9.828240567,11.19716866,7.5158075239999995,11.00015902,12.58721708,10.52479779,9.691601947,7.6249276020000005,7.8189289220000004,13.43054851,10.76291488,10.02756933,9.705044393,10.62877394,8.415574931,7.58595663,8.967617765,8.706894868,9.27316246,9.309488905,10.04600462,7.907443483,10.80506066,7.435600673,9.746498908,12.27265813,11.69364373,9.914384956000001,9.470642083,8.167426282000001,9.856856398,7.021315515,7.002061731,10.91166936,9.527450219
12.35699773,11.67982,8.860956266,11.30067814,8.057007327,9.935431027,8.360334857,7.660364599999999,8.629914291,12.31829127,7.6220113739999995,11.57295112,8.203605728,6.914749877999999,12.15810335,9.890814597,8.424283037999999,9.362807282,8.844121261,11.14875186,12.51351002,8.148848327,11.71714399,7.574490394,8.222444921000001,10.40423448,9.643363835,10.940544000000001,12.42255182,10.76390257,10.1372613,11.07399396,10.53380053,7.306710225,8.719673955,10.26791544,9.922202338,6.868215195,10.03608649,7.439742544,10.21719481,10.49199757,10.50197282,9.090363942,8.936689077999999,12.21701082,10.91166936,10.28128478,9.015097375,7.748419274,12.56043522,10.64709865,9.027056607,9.668495732,9.966824191,10.22223422,10.79420119,11.63458179,11.40225929,8.417487083,13.50572504,12.67482823,7.125593951,9.777677873,8.828277133,8.183871083,10.68770359,8.47779108,11.95554123,11.37183124,11.27889886,8.740759577999999,7.639685934,9.090363942,13.99023246,10.86253264,9.288808345,9.581783186000001,11.52964963,8.279319168999999,9.444766579,9.394178691,9.704471997999999,9.113019235,8.692882074,9.855710938,8.83966993,11.88637557,8.534550838,10.76291488,11.19428619,11.3771776,8.304181907,10.38960311,7.458009061,10.60135185,9.130670301,7.121511954,10.16315124,6.971486716
12.03000347,9.464389516,6.896203422,9.867403183,9.834908897,7.437792517,10.71235618,12.10421396,10.203394300000001,11.10540647,7.9915943810000005,11.40934303,9.141332268,6.7767876639999995,12.08350553,7.651291522999999,12.07658676,10.31011482,8.479788375,8.741058662999999,10.61702585,10.12217274,8.770753088,7.203963916,8.743696008999999,8.953890977999999,8.528733136,9.669962882,10.86373635,10.82750288,10.73202766,12.24871622,11.19428619,10.41300465,9.149466435,8.448514262,7.8779059270000005,8.560905971,8.146341939,10.14901402,11.61747325,9.132159612999999,7.84080597,11.16061927,9.198743095,11.31581428,11.69364373,8.604661087,7.540521836,9.531247886000001,13.45205599,7.915085874,7.3297146479999995,11.50155359,8.795571537,10.27821843,8.947338259,9.320740748,9.872012582,8.978698687,13.84304746,12.13282353,8.485571182000001,9.209654491,6.701071852,9.401071518,11.69145154,8.438520196,11.07265858,12.62000801,11.01831698,10.98053774,7.283849332999999,8.819825801,13.18427278,11.82231691,9.309488905,9.834299984,10.22942344,7.3059563160000005,8.906677423,10.3326878,7.71621641,8.607741686,9.288808345,9.622094277,7.3829282570000005,11.81972659,7.126012447000001,9.796251826,12.48369503,11.39319003,9.701958771000001,9.061236057,8.739139982000001,10.64003562,7.84080597,7.428675511000001,11.03315359,6.687032502
7.017207227999999,12.85721437,6.697137553999999,12.44705701,9.281396609,7.58962956,10.94794656,7.703526845,10.11269423,13.04548117,7.782294601,9.985002612999999,10.89912901,6.719950151,11.53973895,9.045313632000001,7.561365851000001,9.172517073,7.867866929,11.11287145,11.62820626,7.429444507,11.04577442,7.360536889,7.816526775,10.82750288,10.75974072,11.70533801,11.63843697,11.18509764,12.58721708,11.50155359,11.45657101,7.585203805,8.484219214,7.861976667,7.84948042,6.791070492,8.791558905,7.191904622999999,11.171434300000001,9.994090805,8.616434967,8.023716528,9.013331592,11.63647474,9.616536642,9.695831886,7.748419274,7.708764048,11.40034723,8.655261921000001,7.344724846,9.479046813,7.288255338,9.575693255,9.55498762,9.086973405,10.91408286,9.021921591,13.22890161,11.49598381,9.757549541,9.913747913,7.831989806,9.358580838,12.43674467,7.54946974,10.72988237,10.67719178,9.82041914,10.071655400000001,7.316589669,7.759046994,12.77058313,9.934255888,10.03245002,10.73950086,10.02698368,7.146311788999999,7.685327459,8.795931377,9.752864535,8.176619835,9.66634723,10.21445382,7.1389313329999995,10.39845187,7.5047969310000004,9.402821881,11.05243218,10.39454238,8.53111266,9.942045871,7.813969999999999,9.329873699,8.064359927,6.919263976,9.643832738,7.827356629
7.047696797,12.65788011,6.772285139,12.92428736,6.953658943,10.23306342,10.9293541,8.426264521,9.515108841,12.54009283,11.48454263,11.61297784,9.743840933,8.42511846,12.07658676,9.136008777999999,10.15522526,9.315737699,10.41474345,10.67022911,11.94090942,12.63100527,10.780374900000002,9.912507678999999,11.46021514,9.638385999,9.098515192999999,11.97969001,12.70255304,12.48369503,11.24236963,12.08350553,9.911292663,6.81812826,9.069306709,10.68234709,8.129438764,7.029837942,9.059765445,7.673660681,12.07313677,10.35407497,9.865670033999999,8.049943188,8.614914602999999,12.05378871,9.795204404,9.250605767,7.273671117999999,7.403994097999999,11.12287688,8.795192634,7.013019806,9.345904628,7.668818257000001,10.680262800000001,10.43322856,9.193594161,12.67482823,9.169500232999999,14.06398585,12.40858656,7.585203805,9.316963723999999,8.884608196,9.386497745,12.30912873,7.680392621,11.07803772,10.38288955,10.51084792,9.659611774,7.756050766,8.096931321,13.84304746,9.988559444,9.947368978,9.743840933,11.03722514,8.527003997000001,7.720661398,8.877337471,9.345073564,8.387912227000001,8.996649326,9.290511551,7.369498155,11.73166775,8.142507052000001,9.607520921,12.15450558,10.88926719,11.58755287,10.00641663,7.813056746,10.12488917,7.9953943270000005,7.110419306,10.05176305,7.906493329
12.10421396,11.22055737,11.34341842,11.09954077,10.09342627,7.9555375370000005,10.81623545,9.295058272,10.90397333,11.566778300000001,6.504805598,11.65885726,10.85075975,6.773618755,12.62515228,8.9381536,7.582154271,11.56477731,11.08229177,9.016525777,13.03773493,9.269282361,9.477290313,7.026873102000001,8.030262346,10.75870002,9.16238932,10.98847623,9.86088836,11.61747325,10.24165711,12.63100527,9.142064416,6.8043179270000005,9.678308633,9.355973854,8.809645699999999,7.112009156,8.536869735,8.130969091,10.80161714,9.990375656,8.679686854,8.023716528,8.888162658999999,13.0852804,10.48575232,8.926811812,8.066310028,7.737977077999999,11.70989768,8.395085335,7.94824997,9.21281365,8.254418253999999,11.45657101,10.08940583,9.75338912,10.10161929,8.636217783,14.23826147,13.65061161,8.964316321,9.28255203,7.329588299,9.476863275,12.21313719,7.819829072,11.93767054,12.7456099,11.49389466,10.92172626,7.434132568,8.562369086,14.14636787,10.59752013,10.23008554,9.300802832,11.09804972,7.821385209,8.19036018,9.434204314,7.973328757999999,9.294251968,10.86123238,10.41474345,7.437013275,11.1068717,7.788872494,9.742802253999999,13.1937799,12.10761125,10.27082827,9.870222562,7.790407346,10.19301489,6.949081391,6.834232694,11.27082209,6.905083182
12.12205077,12.33103036,7.121110425,12.57069314,10.91029052,8.683083427,10.884451499999999,7.994588488,10.14968266,13.25699948,7.193318369,9.409323226,9.667446157999999,7.200434416,10.41228552,8.290004385,8.243975353,9.223165663,11.01578738,8.998402405,10.16247069,8.999882693,8.730969373999999,7.612886474,9.038290181,10.78848906,9.402821881,12.22809513,9.589509035,11.76375392,10.44763545,11.604357499999999,12.22078704,7.5658360920000005,11.74634808,7.282259777999999,8.484502221,6.787195127,10.29117748,8.087196222000001,11.36842334,11.5460758,8.198361489,9.043467859,9.271033378,10.78723215,11.57509596,8.910769374,8.21764292,7.5857838189999995,13.16611815,7.932727647999999,7.366065047,10.91922609,8.763363083,8.933200426,8.706587171,8.471571515,10.82970597,8.908698447999999,11.97666898,11.10978445,7.088892547,9.056444472999999,8.484502221,9.941385874,12.76419937,9.354268549,10.67412376,11.86657525,9.460664366,9.389000043,9.167500554,9.231655691,12.46520849,10.66807881,9.297505174,8.753809642,9.659611774,8.335165227000001,9.003865954,10.33893399,9.053474632,8.737531293,9.224401534,8.634982083999999,7.478264633999999,11.32115849,7.737337682000001,9.435919882,10.46647232,11.67309604,9.262519072,10.49826378,7.65548709,10.38960311,7.315543898,6.674460732000001,10.718630099999999,9.560277382
9.86088836,11.82231691,7.555929632000001,11.97666898,7.0880586139999995,10.717516499999999,9.710656887,7.462757677999999,9.736608978,12.48369503,9.16634047,8.055060792999999,10.20486343,8.7334641,11.27551483,9.248599775,7.152181553999999,7.466974772,9.770601817000001,6.961150083,8.519103802,7.556491547,7.390181319,8.136783663,11.07962712,9.951228667999999,9.355973854,9.976426446,12.12205077,10.49826378,13.30661879,8.568573123,9.43332432,6.768167513,8.861613474,10.48669071,9.560277382,6.8998124270000005,9.375711754,8.129693445,10.19792834,9.293468601,8.736268038,7.742408135,9.234794384,10.55945935,9.486353703999999,8.942722400000001,9.175334398,7.904687305,10.21651268,9.574705193,8.012714761,9.020857448,7.783998339,8.745953745,8.174873664,10.47822528,10.86612373,9.708628865,12.46030819,12.22809513,7.327001973,9.129155244,8.786336942,10.00086334,11.3771776,7.818294217,10.42906405,9.377036366,9.582266494,8.823865347,8.538646273,8.088390176,13.22890161,9.7481064,9.194370065,9.621083622999999,11.36308206,7.3498951120000005,7.905631862000001,8.398104941,8.939518636,9.260854812,9.395440586,9.217110186000001,8.68429713,9.572360097999999,8.500099021,9.421308436,10.81736499,10.928079400000001,8.366915649,9.843224651,8.261612829,8.736582906,7.305575178,6.861329015,10.33893399,7.559146273
10.971667199999999,9.64577041,6.64223187,9.254235417,7.635592716000001,11.13560275,8.325838057,9.814480562,10.90397333,11.32272039,8.293744417000001,10.11875387,7.678424494,7.15165452,10.32641754,9.927467433,11.04973661,10.43498297,8.141717322,9.441637547000001,11.14418392,10.24744859,9.40446882,7.771644021,8.341979799,11.18366567,10.49387446,11.08805157,11.36308206,10.67719178,10.21860529,12.10421396,10.580361400000001,7.233912144,10.57168196,8.298021978,8.328304961,7.403198408,8.795192634,9.374421992,12.15450558,9.827201011,9.574207221,10.51084792,11.50965886,10.80946695,10.96153516,10.32715201,8.109398264,10.3468479,12.84411813,9.065639413,7.658193933,11.35959767,9.400169347,9.291371182999999,8.949777113,10.22580432,10.52660291,8.642115934,13.4854146,11.80665031,7.332439143999999,8.777749627,8.208978382,7.984098629,10.87208678,8.780419423,11.16511477,11.94982824,10.07597377,9.414142932,7.527191713,9.005252936,12.86994063,11.43034142,11.65674706,10.33430825,12.48895415,9.53270307,9.077805845,9.357279593,8.253374512999999,9.296618888,9.017945669,10.01125652,7.95530466,11.58755287,8.22799584,9.611583973,11.68645999,10.86123238,9.570514251,9.683938072,8.67662581,10.41228552,7.238822829,8.436332295,10.508954,7.005578955
11.13984525,12.17664446,6.433139374,12.0268506,7.704136985,7.6883094739999995,7.3569877020000005,6.879927845,8.937793467,12.0800659,8.976179193,8.274888486,11.285671800000001,6.955920964,10.61001233,9.658588263,7.227822858,9.236854826,8.218713152000001,9.758048715,10.61790753,9.240124268999999,9.713835289,7.471711481,10.00881664,11.36842334,10.24536135,11.16061927,12.43674467,10.55945935,11.95279417,8.953890977999999,10.0722826,7.345004825,9.971528037999999,7.92967944,8.671765081,6.889484785,9.586729528,10.06975543,11.69616408,9.99969396,9.328641239,7.767796993999999,8.384537736,10.42731429,10.98847623,9.955085137000001,7.914448266,7.33961157,12.26070214,9.591456454,7.3637842639999995,7.985538481,9.504347864,8.457742588,9.626538301,10.27452945,10.97535045,8.184109115,11.894884199999998,11.51586466,9.67728167,9.844354646000001,7.883434455,8.831248237,11.28398994,8.509844117,10.48484123,11.17271842,10.00700034,8.859879355,8.19219412,9.628059947999999,12.64158126,10.99372792,9.831388291,9.380941319,10.84368067,7.342282042000001,9.385335384,9.541560276,9.139438483,8.154897917000001,8.269486554,8.541227722999999,7.672069522999999,11.12438374,7.872821997999999,10.38960311,9.827704445,10.56229378,9.13789331,9.433741852,7.590607656,9.474666986,7.665757527999999,6.942877873,9.163523189,7.017517879
